0.0 0.25 0.25 0.01 0.5
1 100.0
5 2
0 5.0
3 5.0
2 6.0
2 5.75
2 5.5625
5 5.421875
5 8.31640625
6 10.4873046875
8 13.1154785156
8 17.0866088867
11 20.064956665
11 25.2987174988
9 29.2240381241
12 30.1680285931
13 33.8760214448
9 37.6570160836
10 36.4927620627
12 36.619571547
9 38.7146786603
9 37.2860089952
12 36.2145067464
9 38.4108800598
9 37.0581600449
9 36.0436200336
8 35.2827150252
12 33.7120362689
12 36.5340272017
8 38.6505204013
10 36.237890301
9 36.4284177257
12 35.5713132943
1 37.9284849707
