0.125 0.0 0.5 0.025 0.2
3 100.0
3 7
0 7.0
2 6.625
10 6.546875
11 7.478515625
13 8.41870117188
12 9.49136352539
13 10.3049430847
11 11.1418251991
10 11.6240970492
16 11.9210849181
8 12.9309493033
11 12.8145806404
12 13.0877580604
20 13.4517883028
11 14.770314765
15 14.7990254193
19 15.3241472419
15 16.2836288367
14 16.6231752321
18 16.7952783281
15 17.4458685371
14 17.6401349699
10 17.6851180987
6 17.2244783364
19 16.3214185443
19 17.1562412263
7 17.886711073
10 17.0258721889
10 16.6476381653
3 16.3166833946
