0.125 0.25 0.5 0.025 0.2
3 100.0
7 7
8 10.5
18 13.8125
11 27.0546875
11 27.5869140625
13 27.4178466797
11 29.043838501
14 27.3595256805
18 29.1179602146
14 34.2994966209
14 32.6905206181
9 31.050551347
6 27.7511700164
17 27.6249769552
26 30.9788942067
19 42.868061959
13 42.2682013602
12 35.6631017678
17 31.4952832301
14 31.0568806405
12 26.9549014211
13 25.2836550075
11 22.8967853296
8 22.7711275619
12 24.9458169156
13 22.3434000253
17 20.4510523858
16 23.4763538602
14 24.1343218947
4 22.0619158582
