0.125 0.25 0.0 0.025 0.5
3 100.0
2 7
2 6.875
6 6.640625
14 9.310546875
24 19.9592285156
29 38.0111999512
31 55.0449562073
27 67.6594538689
30 70.2921100259
28 74.0419121906
30 72.8764101053
26 72.959161546
29 67.1709933806
28 65.460914479
28 62.0742716223
29 58.7869662594
32 56.7925794194
30 57.9902449488
28 55.7140177978
28 51.1666806738
31 47.4585319151
25 47.7919801698
27 43.8398937397
25 40.1917324992
28 38.0117606556
25 37.0327079531
30 35.6851575708
26 37.5087195157
27 35.481081882
32 33.6576507168
4 37.8779724298
