0.125 0.25 0.25 0.025 0.5
3 100.0
4 7
6 7.125
13 9.359375
10 18.595703125
22 21.1071777344
28 35.9082336426
26 51.936794281
22 59.4575123787
17 58.8474363685
17 51.6705916002
19 45.8773312336
19 43.4230875169
21 41.0492685929
22 41.0524102806
21 41.5528341918
25 40.145211315
21 43.1231709486
19 40.011107866
23 35.1247193472
24 35.9141294021
21 37.1536132069
23 34.180974041
22 34.0682741496
27 32.5234312787
24 36.8057709173
20 35.9346259639
24 33.829384475
18 33.5936725909
29 33.9459159292
2 39.4416256578
