5
0.0 0.25 0.0 0.01 0.2
1 100.0
6 4
11 6.0
14 14.75
14 24.3125
12 31.484375
13 34.86328125
13 38.3974609375
14 41.0480957031
12 44.0360717773
13 44.277053833
13 45.4577903748
12 46.3433427811
11 46.0075070858
13 44.7556303144
13 45.8167227358
12 46.6125420518
12 46.2094065389
12 45.9070549041
14 45.6802911781
14 47.5102183836
12 48.8826637877
13 47.9119978408
13 48.1839983806
12 48.3879987854
11 47.5409990891
12 45.9057493168
14 45.6793119876
13 47.5094839907
1 47.882112993

0.125 0.25 0.0 0.01 0.2
1 100.0
6 2
8 6.625
12 12.546875
13 20.791015625
13 27.0515136719
14 30.7208557129
12 33.7000846863
13 32.7895760536
12 32.6673805118
11 30.8475840464
12 27.9393556146
13 26.6264758433
12 26.4328211232
15 24.7609595531
13 26.6400204116
12 25.2594034622
12 22.845267231
11 20.9220757282
12 18.679915828
14 17.7227203077
13 19.1657257378
12 18.8262691221
12 17.2964298079
12 16.1269593265
13 15.2305268441
12 15.6662890636
12 14.7571486258
14 14.074364319
2 15.8013476888

0.2 0.25 0.0 0.01 0.2
0 100.0
7 4
8 19
11 17.2
12 19.26
14 21.283
13 24.43265
14 24.6008075
15 25.321661625
12 26.3880910187
14 22.8585441041
13 22.59788875
13 20.8116011001
12 19.3492484552
12 18.1281889632
13 17.0891438199
13 16.6600182515
11 16.2195419979
13 16.5950735723
13 16.3800032972
12 16.0819609672
14 15.6278442673
11 16.7109366368
13 17.1156815444
13 16.6603953576
14 16.2042038776
13 16.9702787958
12 16.0814098069
13 16.0193640957
2 15.5208915262

0.5 0.25 0.0 0.01 0.2
1 100.0
3 2
4 4.0
12 6.5
13 19.125
12 24.46875
12 23.5390625
13 21.748046875
13 21.3579101562
10 20.1668701172
13 19.6056213379
12 20.0538253784
14 18.1604862213
14 19.5202670097
14 19.3401514292
14 18.6050891578
14 17.7538046613
14 16.9653473925
12 16.2990074926
13 16.701756535
14 15.7950666383
11 16.6056745973
12 17.0764435624
11 15.993426479
13 15.5881167629
14 16.7385484858
13 18.2026418212
13 17.0073622288
14 16.0582121031
2 16.7497503844

1.0 0.25 0.0 0.01 0.2
1 100.0
5 2
11 9.0
13 20.0
14 21.75
14 21.5625
13 19.671875
12 18.25390625
13 16.9404296875
13 17.7053222656
12 16.5289916992
13 15.6467437744
13 16.7350578308
13 15.8012933731
13 15.1009700298
12 14.5757275224
11 14.1817956418
14 13.6363467313
12 18.9772600485
15 17.7329450364
13 22.2997087773
13 20.474781583
13 18.6060861872
13 17.2045646404
13 16.1534234803
13 15.3650676102
14 14.7738007077
13 16.3303505308
1 15.7477628981

0.125 0.0 0.0 0.01 0.2
1 100.0
8 4
14 5.75
14 4.390625
14 5.716796875
14 6.87719726562
13 7.89254760742
13 8.65597915649
13 9.32398176193
14 9.90848404169
13 10.5449235365
13 10.9768080944
12 11.3547070826
13 11.5603686973
12 11.8653226101
14 12.0071572839
12 12.3812626234
12 12.4586047955
12 12.526279196
12 12.5854942965
12 12.6373075095
14 12.6826440708
13 12.9723135619
13 13.1007743667
13 13.2131775709
15 13.3115303745
14 13.6475890777
14 13.816640443
2 13.9645603876

0.125 0.25 0.0 0.01 0.2
1 100.0
8 2
10 8.875
12 16.265625
14 23.169921875
14 29.6018066406
12 33.3351745605
14 32.930973053
15 34.2616229057
13 35.6266861558
13 33.6279249713
13 31.6716152886
12 29.8042990816
14 26.9287384744
12 26.8251287486
14 24.1063495927
13 24.1938273468
13 22.8076775184
12 21.591526771
10 19.3999426315
13 19.0678722263
14 18.8026007339
13 19.5721850441
13 18.778093965
13 18.076406258
14 17.4572860046
12 18.0366981508
14 17.1533232599
2 17.6891010186

0.125 0.5 0.0 0.01 0.2
1 100.0
8 4
12 15.875
12 30.390625
12 35.591796875
12 36.3928222656
13 35.2187194824
13 35.3788795471
14 34.0502696037
12 34.2783609033
14 28.8607532904
14 29.6867528791
13 29.0677056442
12 25.7301408762
14 21.3493224854
14 23.0983817841
13 23.2949463658
14 20.6750092224
12 21.1740986458
13 16.6940691031
11 16.5656768593
13 16.3349593246
14 16.3895651791
12 18.3266074168
12 15.9081815736
14 14.6058589188
13 17.1627261698
13 15.9586852065
1 15.2469994597

0.125 0.75 0.0 0.01 0.2
1 100.0
5 4
12 13.5
12 37.3125
11 40.1484375
12 35.0048828125
10 34.7542724609
11 26.3162384033
13 26.0657711029
11 30.84856534
13 23.9714985788
13 27.501062233
11 26.913679698
13 19.2307822968
13 23.02851265
14 22.9190931038
13 25.0902425996
11 21.4004713081
12 13.6677766191
13 14.7531570024
13 17.8574754923
13 18.0811568346
13 17.6537286749
12 17.1239417018
13 13.4964312668
14 15.6876229279
13 19.0399814543
13 16.1758116206
1 15.25154213

0.125 1.0 0.0 0.01 0.2
1 100.0
8 2
13 29.875
13 47.765625
15 43.419921875
14 47.8674316406
13 39.6340026855
14 32.3047523499
13 34.0166583061
14 27.3895760179
12 29.7158790156
14 19.5013941387
14 26.8137198713
13 25.2120048874
14 19.6855042765
14 22.9748162419
12 21.8529642117
13 12.8260237681
14 16.6686757246
14 20.335091259
15 19.5432048516
13 22.9753042452
14 13.7960504599
14 17.7623423127
14 17.2920495236
12 16.8805433332
12 17.8180583502
13 17.0908010564
2 13.9245168326

0.0 0.25 0.25 0.01 0.2
0 100.0
4 2
9 12
10 15.0
5 18.25
12 15.6875
10 20.765625
10 22.57421875
11 23.9306640625
12 25.9479980469
8 28.4609985352
10 26.3457489014
9 26.759311676
9 26.069483757
10 25.5521128178
12 26.1640846133
8 28.62306346
8 26.467297595
11 24.8504731962
11 26.6378548972
9 27.9783911729
11 26.9837933797
12 28.2378450347
9 30.1783837761
10 28.633787832
11 28.475340874
11 29.3565056555
13 30.0173792416
12 32.5130344312
2 33.3847758234

0.125 0.25 0.25 0.01 0.2
1 100.0
5 2
7 5.5
13 10.6875
7 20.7265625
11 20.3232421875
7 24.1422119141
13 21.7377166748
8 26.449213028
6 23.4958446026
9 19.5055817664
12 19.2430583052
11 22.1256817118
12 22.5759757689
10 23.6347320011
8 21.7159554034
7 18.8608218496
11 17.5227397722
7 18.2847069699
9 17.271796569
7 15.7232217221
10 15.2081202093
8 15.3974861019
10 14.1202941384
5 14.4508206241
12 16.1824404453
11 18.4754147245
13 18.6528223851
1 20.7800954628

0.2 0.25 0.25 0.01 0.2
0 100.0
2 2
10 6
12 14.6
11 21.93
9 24.6315
11 23.170825
11 23.98587875
9 23.8256170625
8 20.6881791969
10 18.0630483177
11 17.5514247342
11 18.0668793475
7 18.0228081481
9 17.9439220527
12 15.7493942928
8 17.632041822
12 16.9305611286
11 18.262718352
11 17.5488767684
10 16.7931279798
9 15.3654405754
9 15.040556104
9 14.543597616
9 13.9682426423
9 13.3746175261
12 12.79971158
10 15.074308627
11 13.8853514238
2 14.1777095307

0.5 0.25 0.25 0.01 0.2
1 100.0
10 4
11 14.5
9 20.5
10 18.5625
11 18.140625
11 18.46484375
14 17.6533203125
12 21.0173339844
12 18.9797973633
9 17.34324646
10 17.5616340637
12 16.0733251572
13 17.2199108601
10 18.4973916411
12 17.923306182
10 17.6505942605
8 16.8755113082
12 16.7254162875
10 18.8200765437
8 17.1322531093
11 16.6077876828
11 17.4903425531
11 17.0100078103
11 16.0786313055
7 15.094536203
11 15.9852333351
11 17.3103156823
2 17.0184321022

1.0 0.25 0.25 0.01 0.2
1 100.0
5 4
12 9.0
13 22.0
7 21.5
9 19.375
7 20.28125
11 17.4609375
8 22.845703125
6 19.8842773438
8 16.9132080078
9 18.1849060059
9 17.6386795044
9 15.4790096283
8 13.8592572212
8 12.6444429159
7 11.4833321869
12 10.6124991402
10 19.7093743552
8 17.7820307664
11 15.8365230748
9 19.8773923061
9 17.6580442296
10 15.4935331722
9 15.8701498791
14 14.4026124093
12 23.051959307
8 20.7889694803
2 18.5917271102

0.125 0.0 0.25 0.01 0.2
1 100.0
1 2
1 2.0
2 2.0
3 4.25
8 2.359375
11 3.189453125
7 4.29077148438
8 4.75442504883
11 5.28512191772
14 6.12448167801
8 7.23392146826
9 7.45468128473
11 7.77284612413
11 8.30124035862
12 8.76358531379
11 9.29313714957
11 9.63149500587
12 9.92755813014
9 10.3116133639
8 10.2726616934
10 10.1135789817
4 10.224381609
6 9.57133390787
13 9.24991716939
10 9.84367752322
9 9.98821783281
11 9.98969060371
10 10.2409792782
8 10.3358568685
8 10.1688747599

0.125 0.25 0.25 0.01 0.2
0 100.0
3 2
6 7
6 9.375
10 10.828125
9 16.130859375
11 18.2941894531
12 21.6734313965
11 24.6825141907
10 25.1358962059
6 23.866681397
7 21.0709068999
8 17.8902140455
10 16.0632902611
10 16.8623937069
12 17.1723555398
7 19.4016318821
10 17.963563031
6 17.4663581503
8 17.419372001
7 15.2816819655
11 14.5262703183
7 16.2497661642
9 15.5066282695
10 14.5619728872
10 14.8932311399
8 14.9577058952
12 14.0195240636
2 16.4693515551

0.125 0.5 0.25 0.01 0.2
2 100.0
5 6
6 10.375
10 14.078125
10 23.693359375
9 27.0441894531
10 25.3199157715
9 25.6705513
7 22.7195448875
8 16.3210080266
9 15.0640851483
9 16.1976760672
8 16.2437673401
13 13.6861968132
8 22.8368724069
12 15.6004884537
11 20.4595399458
7 19.931653727
10 17.5922639857
11 16.2006992421
11 17.3293459641
11 17.4275447822
9 17.0687852163
9 14.1332704375
12 12.5281533194
11 16.5634309547
12 15.9186504855
10 17.4541433748
1 14.0077369608

0.125 0.75 0.25 0.01 0.2
1 100.0
4 2
8 10.375
11 24.328125
14 35.224609375
11 44.7121582031
10 34.5332946777
9 26.9754219055
10 20.605691433
13 21.2492793202
12 29.7104442343
11 26.8697199123
10 21.7292752251
12 16.4739333974
12 20.9673961166
10 21.1096477005
10 14.0367357625
12 12.1110922984
9 17.7419428876
9 14.4290615637
9 13.1953942525
11 12.532211317
8 14.7094009057
9 16.1099248349
12 12.7809839911
12 18.171686213
10 18.7723067416
11 12.459095151
2 13.5872718226

0.125 1.0 0.25 0.01 0.2
1 100.0
5 2
8 17.5
10 28.3125
11 34.0234375
12 35.1455078125
9 36.2523193359
7 20.8457794189
11 11.1150569916
11 27.1006748676
10 25.0880905092
12 19.2020791955
7 26.3018192961
8 11.8530166608
13 8.8871724884
9 28.9775859737
8 10.480387727
11 10.8542707526
11 18.7740468535
8 17.8022909968
7 13.3398727893
10 16.5473886907
9 14.0198941639
10 9.89012592985
12 13.4683564692
9 21.2848119106
11 10.9512317421
11 16.155559119
1 15.5111142292

0.0 0.25 0.5 0.01 0.2
0 100.0
1 2
5 4
7 5.0
7 10.0
4 13.75
5 13.5625
8 14.421875
6 18.06640625
6 18.7998046875
5 19.3498535156
7 18.7623901367
5 20.3217926025
9 19.4913444519
7 22.8685083389
9 23.4013812542
9 25.8010359406
11 27.6007769555
7 30.9505827166
6 29.4629370375
8 27.3472027781
7 27.7604020836
10 27.0703015627
8 29.552726172
10 29.414544629
7 31.3109084718
9 29.7331813538
7 30.5498860154
5 29.1624145115
1 26.1218108836

0.125 0.25 0.5 0.01 0.2
0 100.0
1 2
3 2
7 3.25
9 9.21875
9 15.31640625
9 19.1206054688
5 21.3008422852
6 17.8472213745
6 16.3043069839
10 14.9697598219
5 18.3136582524
7 15.4506130051
8 14.7712500806
7 15.2075665963
8 14.1436628536
5 14.3472365583
7 13.4285018234
6 12.6062979533
6 11.196686681
4 10.1092328248
7 11.0171777059
8 10.9805582617
8 11.9571343057
7 12.4743518876
6 11.5489524292
8 10.7881272442
7 11.4147866388
8 10.5943197841
1 11.0685659174

0.2 0.25 0.5 0.01 0.2
1 100.0
0 2
2 1.8
7 2.99
6 9.6545
7 12.320475
5 14.80403625
6 13.5039711875
5 13.4987335906
8 11.920654353
6 14.2277740927
9 12.9006572319
6 15.3593542539
11 13.1332593566
4 17.2676157686
6 17.1735077728
5 14.8583675867
3 13.8263650957
4 14.3658453463
6 13.3212412293
7 12.2713009345
7 12.5277717108
9 12.4052655911
4 14.4614986397
7 14.5252381535
8 13.5547602608
9 13.8447355122
4 14.9264838874
6 15.4174280811
1 13.5411231933

0.5 0.25 0.5 0.01 0.2
1 100.0
4 2
4 5.5
8 7.0
4 13.1875
5 12.109375
5 10.56640625
12 9.2919921875
7 18.7775878906
4 16.940612793
11 16.5091705322
6 21.5454521179
5 19.4850168228
7 17.5267264843
8 16.0092416406
9 15.8140296191
8 16.2640714087
5 14.3019887982
7 14.2784592195
6 13.0405380639
3 11.8558954531
5 12.1796675425
9 10.769962363
6 15.5200776253
8 13.8322764631
7 14.2973588106
8 12.646073669
7 12.5903431175
2 11.6110209784

1.0 0.25 0.5 0.01 0.2
1 100.0
1 2
2 2.0
5 3.0
6 8.75
10 9.8125
5 16.859375
10 15.14453125
8 22.6083984375
9 19.4562988281
5 18.5922241211
6 16.1941680908
6 15.3956260681
9 13.0467195511
8 17.2850396633
4 15.2137797475
6 13.4103348106
7 15.057751108
10 14.793313331
11 18.8449849982
9 18.6337387487
7 16.7253040615
8 14.7939780461
9 14.8454835346
5 15.1341126509
5 13.6005844882
5 11.4504383662
8 9.83782877462
1 14.628371581

0.125 0.0 0.5 0.01 0.2
1 100.0
2 2
3 2.125
8 2.359375
7 3.189453125
3 3.79077148438
4 3.81692504883
8 3.96480941772
8 4.59420824051
6 5.14493221045
3 5.37681568414
8 5.20471372362
9 5.67912450817
8 6.21923394465
9 6.56682970157
5 6.99597598887
11 6.87147899026
6 7.51254411648
7 7.44847610192
10 7.51741658918
6 7.95273951553
5 7.83364707609
8 7.60444119158
8 7.77888604263
9 7.9315252873
10 8.19008462639
6 8.54132404809
9 8.34865854208
8 8.55507622432
1 8.61069169628

0.125 0.25 0.5 0.01 0.2
0 100.0
1 1
2 2
6 2.125
7 7.359375
12 11.876953125
10 20.3142089844
10 23.3413391113
9 24.9109764099
9 24.3500828743
7 23.5023064017
8 20.2427560166
8 18.8148399508
8 17.5398062841
8 16.404946494
4 15.3975401788
5 15.8175960373
8 14.8489578182
7 14.5804367147
9 13.0735810932
7 14.1449076825
6 12.4371873916
10 11.8645705852
5 14.1929095773
8 14.3758903398
4 13.7183177592
9 14.7352883145
7 15.3308974892
8 13.2739254636
1 12.8529774011

0.125 0.5 0.5 0.01 0.2
1 100.0
4 2
6 7.375
6 14.203125
7 16.677734375
10 19.2180175781
7 25.9407653809
7 21.5106697083
11 18.6655859947
7 25.1917627454
7 18.6599799022
7 15.0735761644
7 12.9999260189
9 11.717708704
8 15.1118818348
9 14.0898399648
8 15.3870816489
8 13.4304322826
7 12.2349961672
9 10.0489332428
8 12.5161732037
5 11.2508298614
6 13.9808490315
8 12.7389293539
9 11.9739782278
6 13.5159384709
5 13.0094090001
7 14.2247142941
7 10.7372197046
1 8.97786459009

0.125 0.75 0.5 0.01 0.2
0 100.0
1 2
2 2
5 4.125
9 13.984375
6 27.798828125
12 19.6833496094
5 35.3752746582
5 14.7414512634
6 9.31454133987
7 10.8479165435
7 13.8538501933
7 13.8688497236
4 13.2281762093
6 11.1575332167
8 9.25871494699
7 14.7878439242
8 12.2359805201
12 14.3118872267
8 26.6742523912
5 15.5028086093
8 14.7154926863
7 12.7394673913
4 8.7378867901
7 15.6547805904
8 10.2863197909
8 11.9288765106
7 11.9198536202
5 8.42539358601
1 12.8453462469

0.125 1.0 0.5 0.01 0.2
0 100.0
2 2
5 6
11 14.375
8 37.953125
5 22.208984375
6 8.05786132812
7 11.8006286621
6 15.2005500793
5 10.0504813194
9 5.88263207674
9 21.8667747602
7 20.2584279152
8 10.6011244258
11 14.2759838725
7 25.8664858885
5 7.85771095732
10 14.0563409169
7 20.5453216011
8 8.04139620774
12 10.9956368508
9 27.1211822445
10 12.8560344639
8 16.4990301559
7 9.1577376118
3 12.6439708575
9 27.4384745003
7 14.0425223155
9 9.86695703932
1 13.6419311478

0.0 0.25 0.0 0.01 0.5
1 100.0
10 4
15 10.0
14 21.75
14 29.5625
12 35.421875
12 37.81640625
13 39.6123046875
14 41.9592285156
12 44.7194213867
14 44.78956604
12 46.84217453
13 46.3816308975
13 47.0362231731
12 47.5271673799
13 46.8953755349
16 47.4215316512
12 50.8161487384
14 49.3621115538
13 50.2715836653
11 49.953687749
14 47.7152658118
14 49.0364493588
13 50.0273370191
13 49.7705027643
14 49.5778770732
14 50.4334078049
13 51.0750558537
2 50.5562918903

0.125 0.25 0.0 0.01 0.5
1 100.0
6 2
14 6.625
13 19.296875
13 26.322265625
12 30.5163574219
13 31.5963439941
12 32.8176994324
14 31.8749108315
12 32.8851148486
13 30.7079013959
12 29.8194831489
12 27.5858498259
15 25.6329701506
13 27.3003625465
14 25.7602024767
12 25.4757161035
11 22.6804057929
14 20.23998329
13 20.9785392964
12 20.1201373225
12 18.2093067359
11 16.7612833279
11 16.3286213104
13 15.8781674455
12 16.3085787554
13 15.3626430913
12 15.7617902152
2 14.8328087776

0.2 0.25 0.0 0.01 0.5
1 100.0
4 2
13 4.6
14 17.53
14 26.2615
12 30.887325
13 30.41845375
12 30.4162083125
13 28.3440506344
14 27.4835534958
14 27.4430775378
13 26.7466380862
11 24.4914425109
14 22.1739190254
12 22.2165761947
12 19.9178479171
13 18.1427185546
13 17.6591410219
13 17.1360374511
14 16.6153734361
14 17.3222063553
12 17.5801957891
13 17.3226474113
11 16.3686518129
13 17.0144892242
12 16.471933321
14 15.996270224
12 16.9322851658
1 16.5302988237

0.5 0.25 0.0 0.01 0.5
1 100.0
5 2
13 7.0
12 21.0
13 23.75
14 24.8125
12 25.234375
12 22.48828125
14 20.1474609375
13 20.8762207031
14 18.9774780273
14 18.9245147705
13 18.2890892029
12 17.5381059647
12 17.1892240047
12 16.4097402692
12 15.5662163347
13 14.8041178174
13 15.4952087244
12 15.442466724
14 15.1605319888
12 16.8881640367
13 16.560793514
12 16.1750363968
13 15.7299449192
12 15.7985690047
13 15.373593659
13 15.592972823
2 15.3511184067

1.0 0.25 0.0 0.01 0.5
1 100.0
10 4
12 19.0
15 20.75
14 24.5625
13 22.171875
12 20.12890625
12 18.3466796875
12 16.7600097656
13 15.5700073242
14 16.6775054932
14 17.7581291199
13 16.8185968399
12 16.1139476299
12 15.3354607224
12 14.5015955418
13 13.8761966564
13 15.4071474923
13 14.8053606192
12 14.3540204644
13 14.0155153483
12 15.5116365112
13 14.8837273834
13 16.1627955376
12 15.3720966532
13 14.7790724899
13 16.0843043674
13 15.3132282756
1 14.7349212067

0.125 0.0 0.0 0.01 0.5
1 100.0
8 4
13 2.875
12 4.265625
12 5.357421875
13 6.31274414062
14 7.27365112305
12 8.23944473267
15 8.83451414108
14 9.73019987345
12 10.3889248893
14 10.7153092781
12 11.2508956183
12 11.4695336661
14 11.6608419578
13 12.0782367131
10 12.3184571239
13 12.1536499834
13 12.3844437355
14 12.5863882686
12 12.888089735
11 12.9020785181
13 12.7893187034
14 12.9406538654
14 13.1980721323
12 13.4233131157
13 13.3703989763
14 13.4490991042
2 13.6429617162

0.125 0.25 0.0 0.01 0.5
1 100.0
7 2
12 7.75
13 17.78125
12 25.30859375
12 28.7387695312
12 30.4667358398
12 31.0236282349
13 30.7946004868
13 31.1819697618
14 30.8679942936
12 31.2285730708
13 28.676809985
13 27.6060651478
14 26.4469493126
14 26.3910623797
13 25.9671658806
12 24.1900098693
13 21.5490634285
12 20.6425340946
13 18.6837950287
13 18.3145039221
12 17.9060783858
13 16.5193332896
11 16.4534034323
12 16.424411176
14 15.3608721585
14 16.7416871043
2 17.5621691905

0.125 0.5 0.0 0.01 0.5
1 100.0
3 2
3 5.25
12 6.96875
12 26.59765625
13 34.2729492188
14 38.3638305664
14 40.6933517456
13 40.0441827774
13 36.0074099302
12 32.803358689
13 28.0388763528
13 27.0769855587
12 25.7763467389
12 22.283795584
14 20.1130672298
14 22.9063068729
12 23.5717050372
12 19.0145851693
13 16.582433654
12 17.3569652627
11 15.2985125126
11 14.7313334274
11 14.2499842384
13 13.8362699534
12 15.9429620628
13 14.5557047318
14 15.9140481037
12 18.4511953225
3 15.5070901709

0.125 0.75 0.0 0.01 0.5
1 100.0
12 4
15 35.375
13 50.078125
12 43.755859375
14 36.3645019531
12 38.713470459
14 30.6604194641
13 33.3994002342
13 29.0548585057
15 26.5993470177
14 31.0372650968
14 27.3795660738
12 25.3251100931
13 17.5639687761
14 18.4695970402
15 21.2799285005
15 24.3371952105
11 24.1306102523
12 19.7059997717
13 15.0469287505
12 15.2444173971
13 14.1220576551
13 14.9039765273
15 14.8965234811
12 20.9670940509
14 17.1130134754
14 17.882240804
2 17.6865492068

0.125 1.0 0.0 0.01 0.5
1 100.0
8 4
15 29.875
14 56.015625
14 46.763671875
13 42.6682128906
13 34.9596862793
12 32.2147254944
12 25.6878848076
14 23.9768992066
13 30.7297868058
13 24.5135634551
13 23.0743680232
14 21.8150720203
14 24.8381880178
12 23.4834145155
13 14.0479877011
14 17.9169892385
12 21.4273655837
12 12.930295432
14 12.939008503
13 20.4405984281
12 15.5105236246
11 13.4481352524
14 17.1421183459
12 19.9299015688
14 13.6556843586
13 19.3213308886
2 14.5311645276

0.0 0.25 0.25 0.01 0.5
1 100.0
5 2
0 5.0
3 5.0
2 6.0
2 5.75
2 5.5625
5 5.421875
5 8.31640625
6 10.4873046875
8 13.1154785156
8 17.0866088867
11 20.064956665
11 25.2987174988
9 29.2240381241
12 30.1680285931
13 33.8760214448
9 37.6570160836
10 36.4927620627
12 36.619571547
9 38.7146786603
9 37.2860089952
12 36.2145067464
9 38.4108800598
9 37.0581600449
9 36.0436200336
8 35.2827150252
12 33.7120362689
12 36.5340272017
8 38.6505204013
10 36.237890301
9 36.4284177257
12 35.5713132943
1 37.9284849707

0.125 0.25 0.25 0.01 0.5
1 100.0
8 4
14 8.875
13 20.765625
10 27.232421875
7 27.6564941406
13 24.008026123
12 27.8322181702
9 28.7533373833
11 25.4592800736
6 25.0332024619
9 22.3125666389
12 20.2226808843
10 21.8754845802
9 20.4015281125
8 17.984196427
11 16.1259656848
8 17.0354034322
11 15.6867572595
12 16.5206230893
6 18.0203280686
9 18.8066527059
13 16.3997266674
9 19.0889399962
8 17.085166877
11 16.3925293026
7 16.5950351284
8 16.9518084259
2 15.9999468891

0.2 0.25 0.25 0.01 0.5
1 100.0
5 2
7 5.8
9 11.04
8 16.382
7 18.0181
9 17.298855
7 18.75236525
11 16.7368531375
6 19.8407032131
10 17.6179240178
10 18.6178035638
12 18.7868411132
10 20.8489215871
7 19.2437237921
11 18.3539429646
10 18.7439580886
12 17.3907692586
9 18.6093174976
7 17.0878912126
8 17.3706408809
9 16.2217586379
12 14.5022511092
11 16.7954340365
11 16.7315720911
7 16.4066763193
11 17.275304407
7 17.1755965459
8 17.5326875967
2 16.4203078473

0.5 0.25 0.25 0.01 0.5
1 100.0
5 4
3 7.0
13 6.0
11 20.25
11 21.6875
12 20.890625
7 20.85546875
11 20.4853515625
10 20.5358886719
10 17.9253540039
9 15.9557342529
9 14.9726600647
9 13.857424736
12 12.8320333958
11 16.2165543437
12 15.4586804062
12 16.1171426289
10 15.8494231338
9 15.6585975017
10 15.379713202
10 14.1299806717
11 13.1450833889
9 13.8826114843
14 13.7798189304
8 19.1533139335
12 19.2694505294
12 20.031700331
9 19.3135814652
2 18.5982442338

1.0 0.25 0.25 0.01 0.5
1 100.0
6 2
12 11.0
9 21.75
11 19.3125
11 20.734375
9 18.30078125
7 16.4755859375
11 14.6066894531
11 20.7050170898
11 18.2787628174
9 16.459072113
8 15.0943040848
10 13.5707280636
11 16.1780460477
14 16.6335345358
9 21.2251509018
11 19.4188631764
13 20.8141473823
14 22.3606105367
10 22.0204579025
11 20.0153434269
12 19.5115075702
13 19.3836306776
9 19.5377230082
9 17.9032922562
10 15.6774691921
11 16.0081018941
2 16.5060764206

0.125 0.0 0.25 0.01 0.5
1 100.0
7 4
8 2.75
7 3.53125
8 4.08984375
10 4.70361328125
9 5.49066162109
11 6.05432891846
12 6.79753780365
8 7.57284557819
8 7.75123988092
10 7.9073348958
14 8.29391803383
11 9.1321782796
13 9.49065599465
7 10.0543239953
11 9.7975334959
12 10.0728418089
9 10.4387365828
7 10.38389451
9 10.0859076962
12 10.0751692342
13 10.4407730799
11 10.8856764449
11 11.0249668893
10 11.1468460281
8 11.1284902746
11 10.8624289903
2 11.0046253665

0.125 0.25 0.25 0.01 0.5
1 100.0
5 2
10 5.5
11 14.0625
12 20.6796875
11 25.8447265625
9 27.6766357422
10 26.1076812744
10 25.6684398651
10 24.8905489445
12 23.9147283733
10 25.0895108618
13 23.2014146554
11 24.924807312
10 23.4331335144
8 20.9406871624
13 18.9814487169
12 20.9927430112
13 20.9378816727
8 21.747570117
8 20.7922488674
7 19.7655615203
9 19.5991241512
10 17.346176998
9 16.1145652437
12 14.7803748757
12 16.4078075984
9 17.3380663352
1 16.3423127854

0.125 0.5 0.25 0.01 0.5
1 100.0
6 2
8 11.625
9 20.171875
8 25.275390625
8 24.3659667969
11 22.9452209473
12 27.7645683289
12 30.9502472878
10 31.1595913768
8 25.8037049547
10 18.2227730853
9 18.5171920747
13 15.9886758778
11 22.9456577994
9 21.1177337776
7 15.4356586569
8 15.485970625
11 13.1026089469
9 16.1123192713
12 12.8595475837
10 17.5702382464
9 15.033025521
10 12.7956324634
9 12.5563695675
8 11.6715733062
10 12.9925016103
11 12.8563754032
9 14.7432967248
2 13.0215570154

0.125 0.75 0.25 0.01 0.5
0 100.0
1 2
6 2
9 16.625
11 28.421875
10 35.431640625
10 31.5495605469
12 28.6800842285
9 32.5511283875
10 22.0962510109
11 21.7064730525
8 23.6487272754
7 13.5127772046
13 10.1155570425
8 25.6762201029
12 12.6515671246
9 21.5295982072
10 13.2032676746
9 14.1128265261
7 10.8012150381
9 14.5018122692
9 11.3696313786
12 10.462313867
11 19.5017462363
11 17.6508333574
11 16.6224305379
9 15.8703645582
12 13.3403170901
11 17.9565337923
2 15.2829061528

0.125 1.0 0.25 0.01 0.5
0 100.0
0 1
2 2
7 6
11 22.625
9 37.171875
9 25.650390625
10 23.5690917969
10 25.8729553223
9 23.888835907
11 18.0277314186
7 25.1492649913
11 8.03343007714
9 23.395531009
9 13.5960896328
11 13.0215784287
13 20.7688811251
10 27.7977709845
7 13.5730496114
7 16.7477872804
11 15.5293138703
7 18.7159297202
10 15.967755932
9 14.345008692
9 9.81047287046
11 9.83416376165
10 17.7682382448
6 12.7972084642
12 21.6818104463
13 21.9541127304
1 24.8348486391

0.0 0.25 0.5 0.01 0.5
1 100.0
5 2
9 5.0
9 12.0
7 17.25
10 19.1875
8 23.640625
8 24.98046875
6 25.9853515625
6 24.7390136719
9 23.8042602539
5 26.1031951904
7 23.8273963928
9 24.1205472946
9 26.340410471
11 28.0053078532
7 31.2539808899
8 29.6904856674
8 29.5178642506
4 29.3883981879
6 25.291298641
7 24.2184739807
5 24.4138554855
5 22.5603916142
10 21.1702937106
5 25.127720283
2 23.0957902122
3 18.5718426592
5 16.1788819944
1 16.3841614958

0.125 0.25 0.5 0.01 0.5
1 100.0
5 2
9 5.5
8 12.9375
9 16.5703125
6 19.8115234375
8 18.2257080078
5 19.0529632568
7 15.8754444122
9 15.7003400326
8 17.5635421574
6 17.3936578594
9 14.7386194807
9 16.098168686
12 16.7685550805
4 20.3407288056
8 19.895695047
6 17.9444480395
5 16.0578246812
5 15.380421081
7 14.6114868096
6 13.2158042885
9 11.9662653874
8 13.4723907575
7 13.1960233205
10 11.7272814612
7 13.9906920703
6 12.5858842065
1 12.3644201644

0.2 0.25 0.5 0.01 0.5
1 100.0
2 2
2 2.2
8 2.91
10 10.4905
8 17.314275
7 18.64282625
8 17.7078156875
8 17.8114185656
7 17.3830093642
9 15.4568133752
11 16.278255113
11 18.8072074
6 19.9342184022
8 18.9783450692
4 16.3041990273
7 17.3658652817
8 14.9345717702
3 14.0349942231
8 15.7887562651
7 15.3253690519
7 13.4810682713
8 12.0504343895
6 12.1395323409
8 11.7305087283
10 11.8829737375
7 14.1803040561
5 13.0876680921
3 13.727703109
2 15.2753389638

0.5 0.25 0.5 0.01 0.5
1 100.0
2 2
7 2.5
8 10.5
7 14.5625
8 13.765625
8 14.12109375
9 13.4892578125
9 14.0661621094
9 13.649230957
10 12.9117279053
8 13.6461982727
11 13.2959280014
9 15.587546587
7 14.5809797645
6 14.5058947355
8 14.0395010076
9 13.6462257924
4 14.2929693626
7 14.9272370164
7 14.0225027669
10 12.8054145775
8 16.1233296842
2 14.3867166378
5 15.9371471657
6 13.2764152179
9 12.6460157104
9 16.0788639313
10 16.4813240227
2 17.1970810541

1.0 0.25 0.5 0.01 0.5
1 100.0
6 2
8 11.0
7 13.75
6 12.3125
5 10.984375
11 9.73828125
6 20.5537109375
9 18.1652832031
7 21.1239624023
5 18.0929718018
6 15.3197288513
5 14.7397966385
6 12.5548474789
8 12.6661356091
4 14.9996017069
8 13.2497012801
8 18.9372759601
5 16.2029569701
8 14.1522177276
7 17.8641632957
10 15.3981224718
6 19.2985918538
4 16.9739438904
9 14.2304579178
9 21.6728434383
6 18.5046325787
5 16.1284744341
1 13.5963558255

0.125 0.0 0.5 0.01 0.5
0 100.0
2 2
4 6
10 6.25
8 7.21875
7 7.81640625
7 8.21435546875
5 8.56256103516
4 8.61724090576
6 8.54008579254
7 8.72257506847
7 9.00725318491
8 9.2563465368
7 9.5993032197
5 9.77439031724
10 9.67759152758
6 10.2178925866
6 10.1906560133
8 10.1668240116
9 10.3959710102
7 10.7214746339
7 10.7562903047
9 10.7867540166
7 11.0634097645
4 11.055483544
7 10.673548101
8 10.7143545883
8 10.8750602648
7 11.0156777317
7 11.0137180152
2 11.0120032633

0.125 0.25 0.5 0.01 0.5
1 100.0
4 2
3 4.375
8 5.453125
6 11.708984375
4 13.4484863281
8 12.1072692871
8 15.4737434387
6 17.4494376183
5 16.200691998
6 13.9374310598
7 13.2978713484
4 13.7751018082
6 12.3981657722
8 11.8225808377
2 13.5128975733
7 14.4079659918
10 14.363039108
7 17.4784608684
10 15.9142544965
7 17.9841736119
8 15.718052606
9 15.083471552
4 15.5706692493
8 16.0439281535
6 15.2422463289
8 13.8212220062
9 13.5105369808
7 14.2594456522
2 12.583473458

0.125 0.5 0.5 0.01 0.5
0 100.0
1 2
5 4
3 9.5
7 8.6875
10 16.4765625
7 25.6669921875
6 22.3336181641
8 17.7919158936
6 19.3179264069
6 15.028185606
8 12.5871624053
10 15.3575171046
9 20.3597024665
6 19.7756771582
11 13.4960611943
6 20.0088973209
5 14.9544941002
9 14.0585368099
7 15.5858646672
9 11.592454063
5 13.8083085448
7 14.4127423372
6 10.9578085772
5 10.5323545257
8 11.9379462203
6 12.3464009054
6 10.8828360607
8 9.93734918741
2 11.3230842299

0.125 0.75 0.5 0.01 0.5
1 100.0
5 2
9 13.5
5 27.9375
8 16.8203125
6 22.6552734375
5 16.3077392578
6 10.8278656006
10 12.207780838
7 24.4276578426
8 16.3731630147
5 16.8575082384
8 9.805586603
6 14.5208756625
4 8.69101305091
7 11.6737979373
9 11.5665574942
9 17.3649838821
10 17.8491724156
5 20.2504787433
8 15.8685296543
3 13.0471495437
7 19.5233434555
4 11.5983489792
6 14.8146848606
8 8.75438162895
6 12.62288642
9 8.98360926557
10 15.359656373
2 19.2831988928

0.125 1.0 0.5 0.01 0.5
1 100.0
1 2
2 2.0
7 5.125
7 25.359375
8 23.064453125
8 25.1813964844
8 23.0337219238
7 21.1545066833
5 15.3851933479
5 6.08704417944
10 5.95116365701
9 26.4572681999
7 20.2751096749
7 10.6157209655
6 10.1637558448
7 7.09987981801
5 9.81287556871
3 10.9104248487
6 17.9216217426
7 7.00550062513
7 11.004813047
6 10.5042114161
8 7.01646820305
4 14.1985368655
6 15.0389971786
10 6.98368865947
9 22.5509729392
7 16.8571013218
2 7.82501017617

0.0 0.25 0.0 0.025 0.2
2 100.0
4 6
11 7.0
17 14.75
29 26.5625
31 47.421875
27 65.06640625
28 74.2998046875
26 82.2248535156
27 86.1686401367
26 90.1264801025
30 92.0948600769
29 97.5711450577
24 100.678358793
30 98.0087690949
23 102.006576821
28 98.0049326159
24 100.003699462
29 97.5027745964
28 100.627080947
25 101.970310711
29 99.9777330329
27 102.483299775
27 102.362474831
29 102.271856123
26 104.203892092
29 102.652919069
29 104.489689302
28 105.867266976
5 105.900450232

0.125 0.25 0.0 0.025 0.2
2 100.0
23 6
27 28.625
32 47.796875
30 65.353515625
29 73.5827636719
27 76.4962463379
26 74.6739616394
28 70.8632760048
28 69.2105361819
27 66.8380964175
30 62.942492309
28 62.6377992282
29 59.167913168
28 57.0418031545
29 53.6452371096
29 51.7398269829
31 49.7787819941
27 50.0925092828
30 45.201751901
28 44.7983876223
27 41.8212302011
26 38.3105571998
31 36.1389540323
27 38.6126076007
30 35.9812646145
27 36.9259673944
30 35.0744542456
5 36.0021051802

0.2 0.25 0.0 0.025 0.2
2 100.0
11 6
14 15.8
25 25.04
27 43.232
28 55.6356
32 62.84598
27 70.229909
28 66.74877095
27 63.8726495725
28 59.1533442674
29 55.9140938709
25 53.7748389395
28 46.7232496567
27 44.7895691058
27 41.5898823199
30 38.9405761324
29 40.3539636133
28 39.4842979212
29 37.2382836098
31 36.6287608425
30 38.28160914
28 37.7092376615
31 36.0573536383
31 37.0817549449
28 37.3923079816
28 36.575248787
26 35.6562508308
30 36.3220395156
4 36.3123038669

0.5 0.25 0.0 0.025 0.2
2 100.0
17 6
22 27.5
27 41.75
29 52.125
28 55.875
30 52.421875
29 51.07421875
27 46.4345703125
30 42.8122558594
29 42.328918457
29 39.106552124
31 36.6348457336
32 37.7536001205
27 38.8289330006
28 38.8675798774
28 36.8986249715
30 35.0479387604
29 35.9743123772
34 34.3242267908
31 40.4152596698
27 38.4598178794
28 38.794049973
27 36.9451307615
28 35.633644712
26 33.9962363333
24 33.4158764102
29 33.2712568877
4 36.6123180157

1.0 0.25 0.0 0.025 0.2
2 100.0
25 6
29 51.0
28 52.5
27 46.625
28 41.96875
29 40.2265625
30 39.169921875
26 38.6274414062
31 36.4705810547
27 43.852935791
26 40.6397018433
32 37.2297763824
27 46.4223322868
31 42.8167492151
26 46.8625619113
25 42.8969214335
28 38.6726910751
28 41.2545183063
27 37.9408887298
29 35.4556665473
30 37.3417499105
28 37.2563124329
27 35.4422343247
26 33.5816757435
30 31.9362568076
30 38.4521926057
28 36.3391444543
4 34.7543583407

0.125 0.0 0.0 0.025 0.2
2 100.0
4 6
6 6.25
17 6.71875
18 8.50390625
25 10.1909179688
27 12.5420532227
28 14.8492965698
29 16.9931344986
32 18.9939926863
30 21.1197436005
28 22.7297756504
30 23.8885536941
29 25.1524844824
27 26.1334239221
29 26.7417459318
30 27.5240276903
29 28.333524229
27 28.9168337004
27 29.1772294879
28 29.4050758019
25 29.7294413266
29 29.6382611608
27 30.0584785157
29 30.1761687012
28 30.5291476136
26 30.7130041619
28 30.6238786417
30 30.7958938114
3 31.196407085

0.125 0.25 0.0 0.025 0.2
2 100.0
17 6
27 21.875
29 43.390625
26 59.248046875
29 65.3342285156
26 71.4740905762
26 70.8010597229
28 68.9593501091
30 68.6582484841
29 69.4400802776
28 67.5956548834
27 64.0541365034
28 59.4783233007
30 56.5854982834
28 56.0437850443
24 52.6244174486
26 45.9277870879
29 42.3831427316
28 42.9199966624
24 41.7123071588
22 38.9466319994
26 38.414575426
23 36.2897444876
25 35.2411438328
26 32.883386515
26 32.2147524466
26 31.5817503253
26 30.9919129855
4 30.4488349505

0.125 0.5 0.0 0.025 0.2
3 100.0
22 7
27 45.375
28 71.328125
29 82.037109375
28 85.4699707031
29 81.3174743652
31 78.2934150696
24 78.1395506859
28 60.2510131001
30 58.6590895876
28 60.2964299517
32 54.869239489
32 59.3155161935
27 59.5535424896
28 47.3105825886
25 42.8098762201
27 34.438017003
26 33.6498625853
26 30.764428616
27 29.2042744659
29 30.4464398711
30 35.024484744
29 38.7758490793
27 37.7435804086
28 32.4954890896
28 31.9809810695
28 31.5070724938
4 31.0805454611

0.125 0.75 0.0 0.025 0.2
2 100.0
23 6
24 68.625
26 81.171875
30 84.806640625
24 92.5886230469
26 69.673248291
27 66.6286430359
26 65.2787003517
25 58.2697722316
28 50.5862780586
26 55.8818001403
28 48.1762768325
27 50.6616676558
26 45.9558155557
29 40.0243027005
27 46.7870058852
26 40.3488154051
26 34.5640097934
32 32.4957076477
29 50.1842939613
29 42.9738946586
29 40.0865671869
29 38.4155986287
29 37.1673618851
27 36.1286199207
29 29.7386271628
27 33.6729723067
4 29.9239795915

0.125 1.0 0.0 0.025 0.2
3 100.0
2 7
24 6.875
27 90.015625
24 94.138671875
28 73.3713378906
25 83.6999206543
28 64.3624305725
29 71.8171267509
29 70.4649859071
27 65.2818626687
30 52.4966298351
28 61.6845511057
29 49.4739822175
28 50.9147344403
31 44.0503926353
28 54.4190935559
28 39.1167068614
30 37.7271185037
32 44.7612286907
31 51.1660751044
32 44.6453157164
30 47.0646512518
32 36.9315698453
27 44.3151236147
30 34.564856266
31 35.1318915175
31 38.6154050778
5 37.6634794431

0.0 0.25 0.25 0.025 0.2
1 100.0
12 4
21 12.0
25 29.25
24 46.1875
21 57.890625
19 63.66796875
29 66.0009765625
29 77.7507324219
25 86.5630493164
24 89.1722869873
21 90.1292152405
29 87.8469114304
26 94.1351835728
25 95.8513876796
15 96.1385407597
28 86.3539055698
23 92.0154291773
26 91.261571883
22 93.6961789122
26 91.5221341842
26 93.8916006381
20 95.6687004786
20 91.001525359
14 87.5011440192
24 78.8758580144
28 82.4068935108
28 89.0551701331
4 94.0413775998

0.125 0.25 0.25 0.025 0.2
1 100.0
12 4
22 13.375
23 32.703125
22 46.177734375
23 53.1711425781
15 57.9114685059
22 50.9313240051
21 53.1027503014
24 52.4307878613
18 54.3826003894
24 47.9640210988
17 49.56545278
23 41.9424719214
21 42.9104384854
25 40.6734653404
22 43.090655922
30 40.7366042437
20 47.6062389472
23 41.2066702254
12 38.9383698949
19 42.0099892921
23 36.9629273561
17 36.4921075454
29 34.9716796272
25 41.6971298671
21 41.2139212786
22 36.5079828458
3 33.5194655725

0.2 0.25 0.25 0.025 0.2
0 100.0
7 4
21 19
12 32.8
11 29.69
21 25.7395
22 34.632225
20 40.48624875
19 40.6743505625
18 38.5534941219
18 35.1033055514
24 32.1780271316
22 36.9139587231
17 36.7098197418
21 33.9160968194
22 32.9426570623
15 32.9614603548
17 33.3855660568
23 31.1207511752
28 33.4648507711
26 40.3480679902
16 41.4605949221
22 41.4400599803
23 37.6877531
24 35.8519813169
24 35.3079191812
17 34.4160859407
26 35.7009875018
25 37.7442344214
4 37.1829708521

0.5 0.25 0.25 0.025 0.2
2 100.0
23 6
18 36.5
22 38.75
23 43.0
21 43.46875
18 38.0859375
25 35.244140625
24 39.6166992188
22 37.9293212891
25 34.7819519043
20 35.390663147
27 34.3767375946
15 38.9211030006
18 40.0242623091
21 35.8099142611
26 34.7810044214
20 40.1725376789
30 37.3533679503
21 46.1617220534
23 43.4272827129
20 38.598457621
24 36.337841009
22 36.2625492624
23 33.2941613951
20 31.4729131727
14 30.6289972416
19 31.9839041123
20 30.3944646
2 29.8741167079

1.0 0.25 0.25 0.025 0.2
3 100.0
20 7
25 40.0
21 45.0
19 40.0
13 35.25
20 31.1875
21 40.640625
16 37.48046875
20 33.3603515625
24 37.0202636719
17 40.7651977539
20 36.5738983154
21 37.6804237366
24 35.2603178024
17 37.6952383518
23 34.2714287639
18 41.9535715729
19 37.2151786797
22 34.4113840098
21 36.5585380073
17 32.9189035055
18 29.9391776291
22 28.7043832218
23 34.0282874164
22 33.0212155623
18 30.5159116717
25 28.3869337538
3 39.7902003153

0.125 0.0 0.25 0.025 0.2
3 100.0
13 7
20 8.25
26 10.21875
23 12.69140625
19 14.4799804688
21 15.5449829102
20 16.7268600464
19 17.6360025406
14 18.306502223
17 18.2681894451
17 18.6096657645
22 18.9084575439
19 19.7949003509
26 20.1955378071
21 21.4210955812
15 21.8684586335
14 21.5099013043
16 21.0711636413
17 20.9372681861
20 20.9451096629
22 21.326970955
22 21.9110995856
21 22.4222121374
16 22.7444356203
21 22.4013811677
18 22.7262085218
18 22.6354324565
15 22.5560033995
5 22.1115029745

0.125 0.25 0.25 0.025 0.2
2 100.0
15 6
10 19.625
22 22.796875
28 37.978515625
21 54.1921386719
23 56.1388244629
16 58.5682487488
20 51.176050663
18 49.725669086
21 45.5949290171
23 45.3967893152
22 46.7543604696
27 45.7779427751
18 50.0191079513
18 42.0867237347
21 36.1283864759
17 34.9281809671
26 32.0415082264
21 37.320391551
25 34.8058964968
18 37.224324852
22 34.8146033497
18 33.4800965981
25 32.007285352
28 34.7490274547
17 39.6186386016
26 38.9625024393
18 40.1951039001
4 38.6139474706

0.125 0.5 0.25 0.025 0.2
4 100.0
18 12
23 37.75
23 58.40625
22 65.23046875
24 63.4516601562
12 64.3327026367
18 40.313331604
26 37.6213026047
21 52.2172085047
25 46.3393418044
18 50.6840662602
10 36.1046290684
21 39.7982254977
22 38.2486002641
22 38.6176017079
16 37.7404397328
16 31.6162970694
28 27.9609660873
21 44.9942567457
26 36.5091803621
26 42.4526356717
22 44.0246076402
28 35.0858073988
26 43.1072193308
22 41.4223858429
23 32.4270849252
26 28.9099492235
3 33.3768305275

0.125 0.75 0.25 0.025 0.2
2 100.0
11 6
17 31.125
25 53.484375
21 79.955078125
30 68.0935058594
21 89.208770752
28 60.1519126892
26 72.0002331734
27 64.2170314193
23 62.05660934
24 45.7974598845
17 43.228509077
19 30.5297177068
16 22.6352116327
20 27.528442462
22 25.724084492
19 31.0427482649
22 22.0522620017
17 29.1142315935
25 28.6697637083
25 39.9636462171
16 41.031341183
22 38.4686430942
23 31.0738959581
22 31.730617276
23 27.9307796946
21 29.6685546273
21 23.1735158976
3 21.997944179

0.125 1.0 0.25 0.025 0.2
3 100.0
11 7
6 36.0
15 12.25
15 48.59375
27 44.39453125
23 90.2202148438
25 65.8176879883
15 68.7154769897
19 22.001042366
17 37.6259120703
25 27.0476730615
25 58.7917139288
27 54.5677496877
27 59.1217809767
18 55.1065583546
21 23.5095478459
26 27.2847087403
20 47.1241201477
24 21.0745905638
30 36.2669044881
22 59.4835414271
17 22.7980987487
23 40.285595208
19 28.6891693545
18 30.7342838311
20 33.1424983522
27 23.4996860582
20 46.9120350635
4 26.9450721383

0.0 0.25 0.5 0.025 0.2
0 100.0
4 4
9 12
21 15.0
16 29.25
16 34.9375
12 39.203125
21 38.40234375
13 46.8017578125
16 45.1013183594
10 46.8259887695
9 42.1194915771
12 37.5896186829
16 37.1922140121
16 40.8941605091
19 43.6706203818
7 48.7529652864
12 40.5647239648
17 39.4235429736
7 43.5676572302
6 36.6757429226
13 30.506807192
14 32.880105394
15 35.6600790455
23 38.7450592841
9 49.0587944631
17 42.7940958473
11 46.0955718855
14 42.5716789141
16 42.9287591856
3 45.1965693892

0.125 0.25 0.5 0.025 0.2
3 100.0
3 7
3 6.0
5 5.25
10 6.9375
14 13.609375
9 22.375
15 22.2407226562
16 28.4888305664
17 33.2926254272
14 37.0297212601
6 35.481261611
16 32.3758542091
13 34.1293838229
13 31.3385943875
17 28.9340577459
12 31.3581412703
17 26.8752541685
12 29.0935078152
15 25.172180274
12 25.0145460219
15 22.452322348
11 22.7436969173
14 21.8840106371
14 21.1250127069
15 20.4042636681
11 20.8561388718
22 20.863795393
17 29.0907233403
17 28.6430597013
3 27.9854348226

0.2 0.25 0.5 0.025 0.2
1 100.0
5 4
4 5.8
5 7.44
7 9.452
12 12.8366
16 20.57553
10 29.5901115
16 27.119354825
19 31.9809330788
14 37.6988333771
10 34.1946318872
14 30.2057362757
9 28.4634265936
10 26.8058178558
10 24.1209617203
18 21.803999953
14 27.5748173136
16 25.7585668643
17 26.4808882515
17 27.5902366712
10 27.7263338895
14 28.1834121389
23 24.8990991913
21 33.1835564631
12 35.2450530031
23 34.3677855936
21 38.4045660148
19 37.6564059669
13 33.9746896397
3 34.1623819264

0.5 0.25 0.5 0.025 0.2
2 100.0
6 6
7 11.0
8 13.75
8 15.4375
8 15.140625
6 14.13671875
18 13.3681640625
18 28.4714355469
18 32.8262329102
8 32.6060028076
9 32.9086036682
24 29.4085035324
10 44.7421686649
11 41.550889194
4 35.9102982432
15 34.1812893562
17 37.9288289556
17 39.468052686
16 37.2367549991
19 32.3704239916
14 32.9992468649
18 30.8080064873
18 30.4738620833
17 28.7893251713
19 26.1618152958
11 26.6048436241
15 28.0335880724
16 25.3335615924
3 24.5293564633

1.0 0.25 0.5 0.025 0.2
2 100.0
12 6
7 25.0
9 21.75
9 22.0625
6 18.796875
14 16.34765625
12 29.7607421875
16 25.8205566406
11 30.3654174805
15 26.7740631104
12 30.8305473328
11 26.8729104996
15 23.1546828747
15 28.116012156
23 24.837009117
16 38.3777568378
10 34.5333176283
19 29.8999882212
21 42.9249911659
16 40.9437433744
17 35.9578075308
18 32.9683556481
14 30.9762667361
15 27.7322000521
15 26.2991500391
12 23.4743625293
15 21.355771897
10 25.0168289227
10 22.512621692
3 19.384466269

0.125 0.0 0.5 0.025 0.2
3 100.0
3 7
0 7.0
2 6.625
10 6.546875
11 7.478515625
13 8.41870117188
12 9.49136352539
13 10.3049430847
11 11.1418251991
10 11.6240970492
16 11.9210849181
8 12.9309493033
11 12.8145806404
12 13.0877580604
20 13.4517883028
11 14.770314765
15 14.7990254193
19 15.3241472419
15 16.2836288367
14 16.6231752321
18 16.7952783281
15 17.4458685371
14 17.6401349699
10 17.6851180987
6 17.2244783364
19 16.3214185443
19 17.1562412263
7 17.886711073
10 17.0258721889
10 16.6476381653
3 16.3166833946

0.125 0.25 0.5 0.025 0.2
3 100.0
7 7
8 10.5
18 13.8125
11 27.0546875
11 27.5869140625
13 27.4178466797
11 29.043838501
14 27.3595256805
18 29.1179602146
14 34.2994966209
14 32.6905206181
9 31.050551347
6 27.7511700164
17 27.6249769552
26 30.9788942067
19 42.868061959
13 42.2682013602
12 35.6631017678
17 31.4952832301
14 31.0568806405
12 26.9549014211
13 25.2836550075
11 22.8967853296
8 22.7711275619
12 24.9458169156
13 22.3434000253
17 20.4510523858
16 23.4763538602
14 24.1343218947
4 22.0619158582

0.125 0.5 0.5 0.025 0.2
0 100.0
1 1
2 4
8 3.125
11 16.734375
17 28.517578125
13 45.3278808594
13 42.411895752
16 39.297908783
12 42.6669201851
15 33.974180162
3 35.1727201417
12 33.9210831663
6 28.7042270984
13 24.2568234191
13 25.8696709322
7 25.7709372859
20 22.5325692003
8 38.7111125559
7 29.5463051422
21 26.0650578273
16 41.6176382668
17 36.5082898175
19 35.1161817573
26 37.6248731211
9 52.4333710227
14 44.7206827857
13 29.7388390079
13 24.0756049171
18 20.9057146951
3 26.1602256796

0.125 0.75 0.5 0.025 0.2
3 100.0
11 7
9 29.0
16 25.875
14 45.484375
21 40.759765625
11 59.0925292969
20 28.2816467285
16 48.0466117859
13 37.2408280373
21 23.5107352138
11 44.5218959823
7 25.0546511514
16 30.9785677992
14 29.9608817493
7 22.1794302619
13 30.5750576024
15 20.3042531725
19 23.6227409686
18 36.0402782082
8 34.0340883973
6 35.3678916678
11 38.8439212894
12 22.1501851482
16 14.5781005097
16 25.1212763705
12 26.5724764303
15 19.0687247684
13 21.1783641538
3 15.4016953725

0.125 1.0 0.5 0.025 0.2
0 100.0
8 4
8 24
9 9.0
10 12.125
14 15.859375
14 31.626953125
14 29.4235839844
13 27.4956359863
6 21.683681488
10 28.2717747688
17 10.997810781
16 38.8818413094
12 32.0216111457
17 13.5189097525
24 33.9540460334
16 60.7097902792
20 23.1210664943
25 38.7309331825
14 57.0145665347
12 23.9251166801
13 30.4344770951
16 24.2551674582
16 19.0620054321
18 18.6792547531
15 26.594347909
17 17.8937151043
15 21.6269226178
16 18.4342506267
3 17.1987376292

0.0 0.25 0.0 0.025 0.5
3 100.0
11 7
12 14.0
23 20.25
25 35.9375
31 49.703125
29 66.02734375
29 76.2705078125
31 83.9528808594
27 91.7146606445
27 93.5359954834
28 94.9019966125
26 96.9264974594
31 96.4448730946
28 101.083654821
28 101.562741116
28 101.922055837
30 102.191541878
30 104.393656408
30 106.045242306
29 107.28393173
22 107.212948797
28 100.159711598
26 100.869783698
30 99.4023377738
27 102.30175333
29 101.476314998
29 102.857236248
25 103.892927186
4 100.66969539

0.125 0.25 0.0 0.025 0.5
3 100.0
2 7
2 6.875
6 6.640625
14 9.310546875
24 19.9592285156
29 38.0111999512
31 55.0449562073
27 67.6594538689
30 70.2921100259
28 74.0419121906
30 72.8764101053
26 72.959161546
29 67.1709933806
28 65.460914479
28 62.0742716223
29 58.7869662594
32 56.7925794194
30 57.9902449488
28 55.7140177978
28 51.1666806738
31 47.4585319151
25 47.7919801698
27 43.8398937397
25 40.1917324992
28 38.0117606556
25 37.0327079531
30 35.6851575708
26 37.5087195157
27 35.481081882
32 33.6576507168
4 37.8779724298

0.2 0.25 0.0 0.025 0.5
3 100.0
21 7
24 27.6
27 43.23
27 55.2465
25 61.044075
30 60.42041625
29 64.2752001875
30 63.6743105406
28 62.7800612255
25 58.2045085751
30 50.3489515561
28 50.3681697669
30 46.9612922051
28 46.3691010577
25 42.7953313164
28 40.5959251826
29 38.6687874218
29 38.1790653942
28 37.4262789079
23 35.3532930707
27 37.2642219426
22 34.8796601464
28 36.7492664791
27 36.5781058206
27 34.8465041345
28 33.4152179161
28 33.4356852892
5 33.1761814486

0.5 0.25 0.0 0.025 0.5
2 100.0
26 6
31 41.0
29 59.75
28 60.1875
29 54.953125
32 51.12109375
30 51.4189453125
30 46.1032714844
26 42.0969848633
27 41.0668792725
30 38.2972297668
28 39.3503637314
25 37.0745403767
27 36.5867890716
27 34.5810219795
30 32.8812315725
28 36.0086562233
30 34.3521724043
29 35.4760624392
27 33.9434668886
27 33.7508101961
26 32.8347126618
30 32.2618370038
27 35.7498756633
30 34.5963573744
28 36.3356425084
29 34.885219538
3 34.1360082729

1.0 0.25 0.0 0.025 0.5
2 100.0
20 6
26 41.0
31 47.75
27 52.3125
28 46.984375
32 43.98828125
32 47.9912109375
29 43.9934082031
29 40.9950561523
29 37.9962921143
28 35.7472190857
26 34.0604143143
26 32.5453107357
30 30.9089830518
30 37.6817372888
26 35.7613029666
29 34.320977225
26 38.2407329187
29 35.930549689
29 39.4479122668
25 36.8359342001
26 34.8769506501
28 34.4077129875
28 36.3057847407
29 34.2293385555
28 34.6720039166
23 33.2540029375
3 31.9405022031

0.125 0.0 0.0 0.025 0.5
2 100.0
17 6
23 7.875
27 10.265625
27 12.857421875
26 15.1252441406
29 16.984588623
27 18.9865150452
26 20.4882006645
28 21.6771755815
27 22.9675286338
28 23.9715875546
30 24.9751391102
26 26.1032467215
26 26.5903408813
24 27.0165482711
21 27.1394797372
26 26.8720447701
26 27.2630391738
28 27.6051592771
24 28.1545143674
25 28.1352000715
28 28.2433000626
29 28.7128875548
27 29.2487766104
27 29.4676795341
30 29.6592195923
27 30.2018171433
25 30.3015900004
4 30.1388912503

0.125 0.25 0.0 0.025 0.5
2 100.0
3 6
24 6.125
28 29.734375
28 49.548828125
27 61.8786621094
24 67.7864074707
29 67.0137901306
26 70.7875790596
27 68.5832661986
27 66.9309588149
27 64.5987896314
28 61.8933414287
22 60.1524741261
26 51.2552651423
27 49.0022447109
25 47.9298799057
27 44.3220817552
26 43.600649164
24 41.4834387397
26 37.3601619382
27 36.4867564766
27 36.7108730025
29 36.5544846913
28 38.4032772155
26 38.1976948965
28 35.4941035342
28 35.6731809672
3 35.5509136274

0.125 0.5 0.0 0.025 0.5
3 100.0
10 7
29 19.875
25 65.265625
22 74.357421875
27 68.8752441406
26 74.172088623
28 71.4162025452
27 71.621989727
26 66.8606472611
27 60.1612694785
30 57.2202123562
28 60.4197365929
28 55.6682949094
28 51.8602707411
30 48.7029932461
28 50.2777472642
25 45.449342943
25 35.8713321186
28 31.0014941255
27 34.8708466207
29 34.0092604235
33 37.4442376858
26 46.9192753827
25 38.1257740395
26 35.3957563244
31 31.6766388037
26 38.8773508599
4 34.6724140461

0.125 0.75 0.0 0.025 0.5
2 100.0
3 6
9 6.125
15 24.609375
26 45.939453125
28 82.0798339844
25 90.9780578613
26 77.6453514099
26 72.918320179
28 67.4856895804
30 68.6580182388
28 71.352775923
25 61.8154314236
28 47.1839406184
27 51.2785575718
31 46.866890258
26 56.5393170714
28 40.6358494614
25 42.0348550347
32 31.6501198444
31 50.6300102861
31 49.9102978559
29 47.9800203378
28 39.715895224
31 33.7785026781
29 41.3129634327
31 35.7442864009
30 40.1438614501
30 37.1240314812
4 35.7955657241

0.125 1.0 0.0 0.025 0.5
3 100.0
9 7
22 27.75
27 79.03125
31 92.52734375
30 100.836425781
28 87.9818725586
28 72.4841384888
31 66.9236211777
27 74.4331685305
29 52.5040224642
28 57.5660196561
30 49.8702671991
28 55.3864837992
30 43.9631733243
31 50.2177766588
30 51.8155545764
27 45.0886102544
30 30.8275339726
27 42.724092226
27 28.7585806978
29 28.5387581105
32 36.5964133467
32 48.0218616784
31 46.0191289686
29 40.1417378475
26 30.7490206166
29 38.2375868584
30 31.5109689096
4 35.3220977959

0.0 0.25 0.25 0.025 0.5
3 100.0
14 7
22 17.0
19 32.5
16 41.125
21 44.59375
24 52.1953125
21 60.896484375
20 64.4223632812
23 66.0667724609
21 70.3000793457
19 71.4750595093
24 70.356294632
19 74.517220974
15 72.6379157305
23 67.2284367979
24 71.1713275984
17 75.1284956988
22 71.0963717741
21 73.0722788306
22 73.5542091229
24 74.9156568422
20 77.9367426316
22 76.2025569737
21 76.9019177303
21 76.4264382977
27 76.0698287233
25 81.8023715425
3 84.1017786569

0.125 0.25 0.25 0.025 0.5
2 100.0
6 6
13 9.5
25 19.5625
27 39.4609375
18 54.3173828125
22 53.0882568359
15 55.6851348877
22 48.4616756439
25 50.5506031513
20 54.4042554796
23 50.3893318363
16 50.1798715754
19 42.042296896
23 38.6294689566
25 40.2763797165
17 43.0672780365
19 38.1142161221
19 34.021438173
23 30.8661327009
20 32.924646838
18 30.5904015268
21 28.683770197
17 28.5432792652
23 28.1544513793
18 30.4164968041
24 28.9428820498
26 31.847509275
21 35.7584362267
3 32.3950309066

0.2 0.25 0.25 0.025 0.5
2 100.0
9 6
23 13.4
23 34.42
19 46.461
16 47.71255
26 43.4278525
23 51.485641375
18 51.4460326313
16 43.9999657534
14 38.2905314991
26 35.3503443715
19 42.145464214
25 37.0152629088
20 40.2363789802
23 35.4072296741
23 35.3393786067
19 34.6816990359
21 32.8151493633
28 30.2747476742
23 36.6867692771
17 34.099643775
25 35.3868000666
21 36.3642228129
19 33.5628901403
23 32.8539460298
14 32.068410377
20 35.5176459744
3 31.7113050342

0.5 0.25 0.25 0.025 0.5
3 100.0
8 7
17 13.5
14 28.75
18 28.5
21 32.59375
27 36.8046875
17 45.408203125
30 42.4897460938
18 52.1309814453
20 48.7691345215
21 42.6623001099
22 37.5921840668
25 35.1168675423
14 37.0490154028
22 38.1983521283
21 38.3891052827
23 34.9119995553
24 34.8690849631
26 34.8693563706
24 36.5107886021
24 33.7254600544
26 31.4652793421
14 32.4563059221
22 36.1350255169
20 35.6906057416
16 32.341153325
20 31.5424645032
3 30.9180154529

1.0 0.25 0.25 0.025 0.5
2 100.0
20 6
19 41.0
15 35.75
18 31.5625
23 33.421875
25 39.56640625
25 39.4248046875
20 35.8186035156
24 33.1139526367
23 37.8354644775
27 34.3765983582
20 39.5324487686
16 36.3993365765
23 32.2995024323
20 42.2246268243
29 37.4184701182
25 51.0638525886
28 45.5478894415
24 46.4109170811
23 41.8081878108
24 37.3561408581
18 35.7671056436
21 32.8253292327
23 35.1189969245
13 35.5892476934
25 32.44193577
20 51.5814518275
3 44.9360888706

0.125 0.0 0.25 0.025 0.5
2 100.0
20 6
9 8.25
17 8.84375
22 10.36328125
20 12.3178710938
19 13.778137207
18 14.9308700562
24 15.8145112991
21 17.3376973867
20 18.2954852134
28 19.0085495617
16 20.6324808665
19 20.5534207582
16 20.8592431634
14 20.751837768
14 20.407858047
18 20.1068757911
22 20.3435163172
21 21.0505767776
23 21.5442546804
25 22.2262228453
16 23.0729449897
23 22.688826866
16 23.2277235077
27 22.8242580692
27 23.8462258106
24 24.7404475843
16 25.1478916362
3 24.5044051817

0.125 0.25 0.25 0.025 0.5
3 100.0
4 7
6 7.125
13 9.359375
10 18.595703125
22 21.1071777344
28 35.9082336426
26 51.936794281
22 59.4575123787
17 58.8474363685
17 51.6705916002
19 45.8773312336
19 43.4230875169
21 41.0492685929
22 41.0524102806
21 41.5528341918
25 40.145211315
21 43.1231709486
19 40.011107866
23 35.1247193472
24 35.9141294021
21 37.1536132069
23 34.180974041
22 34.0682741496
27 32.5234312787
24 36.8057709173
20 35.9346259639
24 33.829384475
18 33.5936725909
29 33.9459159292
2 39.4416256578

0.125 0.5 0.25 0.025 0.5
3 100.0
18 7
24 36.875
19 61.515625
26 59.326171875
18 70.7229003906
11 55.9137878418
22 35.3082313538
20 45.4207491875
18 44.1311789155
24 37.8087932393
20 46.5546999285
23 40.4713653595
25 42.9054461506
21 46.9762661123
22 38.8837332135
28 36.3505167444
19 47.0953272427
20 35.3421909312
22 27.9223981946
23 28.4310889851
18 30.3766981444
22 30.102450652
23 29.0105460907
29 30.2196787145
24 43.0474443177
29 37.1566264993
23 44.3821045475
3 33.8318696594

0.125 0.75 0.25 0.025 0.5
0 100.0
5 4
22 13
23 60.125
21 69.984375
25 61.486328125
25 68.3317871094
24 65.7668762207
24 58.2589073181
22 53.4047665596
29 43.3362264037
23 61.0084620193
18 43.1234702459
23 28.2207687955
23 33.9215419225
20 34.1446914888
26 23.7736906293
16 39.9012506948
29 38.9165028605
21 52.6421503063
17 29.6467613133
16 35.305886098
13 37.7026428229
22 44.8173105919
25 34.3795887046
23 40.3107506007
20 33.9228093967
20 25.5477437009
28 23.195597108
4 44.7620374783

0.125 1.0 0.25 0.025 0.5
2 100.0
13 6
16 47.375
24 55.453125
18 83.521484375
23 51.3312988281
17 67.7898864746
9 37.4411506653
21 20.0978293419
23 52.2752559781
19 56.6158489808
26 35.9138678582
19 62.674634376
17 29.215305079
16 19.6883919441
15 17.2163439737
20 20.9296768718
24 32.2990594469
22 47.2616770161
23 36.103967389
17 38.4659714654
21 25.1389489497
14 28.9348844032
25 37.2938827896
15 46.3095208712
26 34.6625040108
19 49.346351917
26 21.2572296333
24 46.6089256865
5 35.7828099757

0.0 0.25 0.5 0.025 0.5
0 100.0
0 1
8 4
10 24
8 22.0
11 18.5
19 18.875
12 27.15625
9 26.3671875
18 22.775390625
14 29.0815429688
11 29.8111572266
18 27.3583679199
11 32.5187759399
20 29.389081955
15 36.0418114662
8 36.0313585997
11 29.0235189497
10 26.7676392123
8 24.0757294092
12 20.0567970569
13 21.0425977927
19 22.7819483445
10 30.0864612584
18 26.5648459438
11 31.9236344578
17 28.9427258434
15 32.7070443825
13 33.5302832869
13 32.1477124652
3 31.1107843489

0.125 0.25 0.5 0.025 0.5
2 100.0
14 6
19 18.5
5 32.1875
8 25.8828125
18 23.7021484375
26 33.0303955078
12 47.6823577881
16 40.8701343536
5 39.9974210262
14 37.610142976
17 35.2528602444
7 36.4167415691
13 33.8695727428
10 30.6307377275
12 26.6221753539
26 23.9345901146
22 37.5479063603
15 41.6207730727
17 35.8054426942
12 33.5889620491
11 31.0212315048
14 29.6167448506
12 25.8869997508
10 24.4690035611
18 24.8987872004
19 27.4198585677
22 29.9049410722
15 34.5699970573
3 30.0810451332

0.2 0.25 0.5 0.025 0.5
0 100.0
5 4
9 13
13 15.8
6 21.94
15 19.257
13 25.80035
11 26.7863425
18 24.288620875
19 30.5255568562
22 34.8414406022
15 40.2388988196
21 34.1654288091
15 36.7630753624
20 32.4151874116
21 33.2703529623
12 34.3199346445
11 34.549505999
12 34.3597735117
12 32.2779453438
13 30.0149511758
17 26.9564071163
16 27.4022127294
9 25.9495854609
9 27.8261282877
9 28.0107475694
14 27.1709817599
9 25.7960267742
15 25.1512895737
8 25.740853071
7 25.8903722788
4 25.8855651896

0.5 0.25 0.5 0.025 0.5
2 100.0
6 6
4 11.0
15 9.25
9 24.4375
15 20.953125
15 26.65234375
17 27.3330078125
14 29.0466308594
1 26.2459106445
10 30.1649017334
11 27.848285675
9 26.2485189438
16 22.6526978016
13 29.1425995231
16 25.4334877282
20 26.9883848391
14 32.1979231508
18 30.0614520067
19 30.0352476354
17 30.0210150417
4 27.4423874867
17 31.6701037178
12 35.8456502027
12 31.2813159277
15 27.1595260836
16 27.2875286145
21 27.2995884868
12 33.391662378
3 32.4936554796

1.0 0.25 0.5 0.025 0.5
2 100.0
14 6
17 29.0
14 31.25
21 27.6875
12 38.265625
18 33.94921875
14 40.4619140625
25 34.8464355469
16 51.6348266602
26 44.9761199951
6 57.7320899963
20 49.7990674973
11 66.8493006229
19 55.1369754672
22 60.1027316004
12 55.8270487003
20 47.3702865252
11 54.5277148939
12 45.8957861704
12 39.1718396278
13 32.3788797209
11 29.2841597907
13 25.213119843
18 25.6598398822
13 32.4948799117
12 28.8711599338
19 24.9033699503
9 35.6775274627
9 31.5081455971
0 25.8811091978

0.125 0.0 0.5 0.025 0.5
0 100.0
0 1
3 4
26 7
16 9.875
13 11.140625
11 11.873046875
11 12.2639160156
10 12.6059265137
13 12.7801856995
15 13.307662487
12 14.0192046762
13 14.2668040916
20 14.6084535802
16 15.7823968827
9 16.3095972723
16 15.8958976133
8 16.4089104116
15 15.8577966102
11 16.2505720339
15 16.0942505297
15 16.4574692135
6 16.7752855618
16 15.9283748666
12 16.4373280082
14 16.3826620072
17 16.5848292563
19 17.1367255993
13 17.8696348994
19 17.7609305369
3 18.4158142198

0.125 0.25 0.5 0.025 0.5
0 100.0
3 4
6 7
11 9.375
17 16.453125
8 27.677734375
15 24.5852050781
18 29.9124450684
20 36.3174324036
15 42.1982855797
19 39.7388990521
8 41.8518360481
20 37.5540075572
11 40.8309029521
19 34.8746052694
14 36.8841487477
16 32.0190320071
10 30.5132043958
11 29.3236066075
21 27.0640703525
12 32.7182346471
16 29.5972213673
17 28.2969615294
12 28.184385963
11 26.7126665543
15 26.1620798625
18 24.5729290998
6 26.6058948773
9 30.8186983489
4 30.1827663038

0.125 0.5 0.5 0.025 0.5
0 100.0
0 1
5 2
15 13
14 30.25
12 34.71875
15 31.12890625
21 34.7377929688
15 47.8330688477
10 39.1351852417
16 26.5716257095
22 29.8360298872
13 43.149454847
11 28.5272373389
20 23.9349281045
6 34.0951669563
10 37.7881172643
17 29.9170256951
10 31.2276575665
4 27.3032879408
20 35.7549207333
18 41.8419459889
19 38.8898979139
17 38.4177582615
17 32.7475872722
9 29.2826632599
11 32.5030656688
16 28.6930501184
15 26.3157482642
7 22.5059444365
3 31.3895746174

0.125 0.75 0.5 0.025 0.5
3 100.0
2 7
1 6.875
17 9.265625
10 49.169921875
18 33.0080566406
19 52.3156433105
16 56.4470863342
16 44.4651751518
12 39.1755219102
25 23.3457050845
18 59.4442728022
21 42.2366839153
17 45.5753347292
15 31.5017269639
12 20.8135883623
19 22.8238194976
6 31.6390747876
17 43.9316546023
13 31.7871773341
19 21.4401132298
6 31.7140739402
12 43.388247015
16 25.1868242175
16 24.7355491247
12 23.8178749678
16 21.9301299237
7 22.9835543035
12 36.2741291681
4 22.0619928103

0.125 1.0 0.5 0.025 0.5
2 100.0
5 6
19 14.375
13 70.953125
12 39.708984375
13 32.2453613281
21 33.8396911621
19 64.2347297668
19 50.580388546
11 46.6328399777
10 12.2811734304
13 15.9960267516
15 19.0118439695
22 26.5103634733
10 53.9465680391
8 24.8929346266
10 30.7813177983
11 20.1836530735
20 15.0356964393
17 45.8613882151
17 30.2537146882
19 28.5970003522
14 35.3973753082
16 15.9925827043
14 21.1323654703
7 16.744321133
17 43.5262809914
19 27.7625026491

