5
0.0 0.25 0.0 0.01 0.2
1 100.0
6 4
11 6.0
14 14.75
14 24.3125
12 31.484375
13 34.86328125
13 38.3974609375
14 41.0480957031
12 44.0360717773
13 44.277053833
13 45.4577903748
12 46.3433427811
11 46.0075070858
13 44.7556303144
13 45.8167227358
12 46.6125420518
12 46.2094065389
12 45.9070549041
14 45.6802911781
14 47.5102183836
12 48.8826637877
13 47.9119978408
13 48.1839983806
12 48.3879987854
11 47.5409990891
12 45.9057493168
14 45.6793119876
13 47.5094839907
1 47.882112993

0.125 0.25 0.0 0.01 0.2
1 100.0
6 2
8 6.625
12 12.546875
13 20.791015625
13 27.0515136719
14 30.7208557129
12 33.7000846863
13 32.7895760536
12 32.6673805118
11 30.8475840464
12 27.9393556146
13 26.6264758433
12 26.4328211232
15 24.7609595531
13 26.6400204116
12 25.2594034622
12 22.845267231
11 20.9220757282
12 18.679915828
14 17.7227203077
13 19.1657257378
12 18.8262691221
12 17.2964298079
12 16.1269593265
13 15.2305268441
12 15.6662890636
12 14.7571486258
14 14.074364319
2 15.8013476888

0.2 0.25 0.0 0.01 0.2
0 100.0
7 4
8 19
11 17.2
12 19.26
14 21.283
13 24.43265
14 24.6008075
15 25.321661625
12 26.3880910187
14 22.8585441041
13 22.59788875
13 20.8116011001
12 19.3492484552
12 18.1281889632
13 17.0891438199
13 16.6600182515
11 16.2195419979
13 16.5950735723
13 16.3800032972
12 16.0819609672
14 15.6278442673
11 16.7109366368
13 17.1156815444
13 16.6603953576
14 16.2042038776
13 16.9702787958
12 16.0814098069
13 16.0193640957
2 15.5208915262

0.5 0.25 0.0 0.01 0.2
1 100.0
3 2
4 4.0
12 6.5
13 19.125
12 24.46875
12 23.5390625
13 21.748046875
13 21.3579101562
10 20.1668701172
13 19.6056213379
12 20.0538253784
14 18.1604862213
14 19.5202670097
14 19.3401514292
14 18.6050891578
14 17.7538046613
14 16.9653473925
12 16.2990074926
13 16.701756535
14 15.7950666383
11 16.6056745973
12 17.0764435624
11 15.993426479
13 15.5881167629
14 16.7385484858
13 18.2026418212
13 17.0073622288
14 16.0582121031
2 16.7497503844

1.0 0.25 0.0 0.01 0.2
1 100.0
5 2
11 9.0
13 20.0
14 21.75
14 21.5625
13 19.671875
12 18.25390625
13 16.9404296875
13 17.7053222656
12 16.5289916992
13 15.6467437744
13 16.7350578308
13 15.8012933731
13 15.1009700298
12 14.5757275224
11 14.1817956418
14 13.6363467313
12 18.9772600485
15 17.7329450364
13 22.2997087773
13 20.474781583
13 18.6060861872
13 17.2045646404
13 16.1534234803
13 15.3650676102
14 14.7738007077
13 16.3303505308
1 15.7477628981

0.125 0.0 0.0 0.01 0.2
1 100.0
8 4
14 5.75
14 4.390625
14 5.716796875
14 6.87719726562
13 7.89254760742
13 8.65597915649
13 9.32398176193
14 9.90848404169
13 10.5449235365
13 10.9768080944
12 11.3547070826
13 11.5603686973
12 11.8653226101
14 12.0071572839
12 12.3812626234
12 12.4586047955
12 12.526279196
12 12.5854942965
12 12.6373075095
14 12.6826440708
13 12.9723135619
13 13.1007743667
13 13.2131775709
15 13.3115303745
14 13.6475890777
14 13.816640443
2 13.9645603876

0.125 0.25 0.0 0.01 0.2
1 100.0
8 2
10 8.875
12 16.265625
14 23.169921875
14 29.6018066406
12 33.3351745605
14 32.930973053
15 34.2616229057
13 35.6266861558
13 33.6279249713
13 31.6716152886
12 29.8042990816
14 26.9287384744
12 26.8251287486
14 24.1063495927
13 24.1938273468
13 22.8076775184
12 21.591526771
10 19.3999426315
13 19.0678722263
14 18.8026007339
13 19.5721850441
13 18.778093965
13 18.076406258
14 17.4572860046
12 18.0366981508
14 17.1533232599
2 17.6891010186

0.125 0.5 0.0 0.01 0.2
1 100.0
8 4
12 15.875
12 30.390625
12 35.591796875
12 36.3928222656
13 35.2187194824
13 35.3788795471
14 34.0502696037
12 34.2783609033
14 28.8607532904
14 29.6867528791
13 29.0677056442
12 25.7301408762
14 21.3493224854
14 23.0983817841
13 23.2949463658
14 20.6750092224
12 21.1740986458
13 16.6940691031
11 16.5656768593
13 16.3349593246
14 16.3895651791
12 18.3266074168
12 15.9081815736
14 14.6058589188
13 17.1627261698
13 15.9586852065
1 15.2469994597

0.125 0.75 0.0 0.01 0.2
1 100.0
5 4
12 13.5
12 37.3125
11 40.1484375
12 35.0048828125
10 34.7542724609
11 26.3162384033
13 26.0657711029
11 30.84856534
13 23.9714985788
13 27.501062233
11 26.913679698
13 19.2307822968
13 23.02851265
14 22.9190931038
13 25.0902425996
11 21.4004713081
12 13.6677766191
13 14.7531570024
13 17.8574754923
13 18.0811568346
13 17.6537286749
12 17.1239417018
13 13.4964312668
14 15.6876229279
13 19.0399814543
13 16.1758116206
1 15.25154213

0.125 1.0 0.0 0.01 0.2
1 100.0
8 2
13 29.875
13 47.765625
15 43.419921875
14 47.8674316406
13 39.6340026855
14 32.3047523499
13 34.0166583061
14 27.3895760179
12 29.7158790156
14 19.5013941387
14 26.8137198713
13 25.2120048874
14 19.6855042765
14 22.9748162419
12 21.8529642117
13 12.8260237681
14 16.6686757246
14 20.335091259
15 19.5432048516
13 22.9753042452
14 13.7960504599
14 17.7623423127
14 17.2920495236
12 16.8805433332
12 17.8180583502
13 17.0908010564
2 13.9245168326

