5
0.000000 0.250000
2 100.0
8 12
6 11.0
13 12.75
17 21.0625
20 31.296875
21 41.97265625
21 50.9794921875
19 57.7346191406
14 60.8009643555
18 58.1007232666
19 60.07554245
21 62.5566568375
18 66.4174926281
19 66.3131194711
20 67.2348396033
19 68.9261297025
16 69.1945972769
19 66.3959479576
21 67.2969609682
21 69.9727207262
20 71.9795405446
19 72.4846554085
18 71.8634915564
19 70.3976186673
19 70.2982140004
3 70.2236605003

0.125000 0.250000
2 100.0
5 6
10 8.375
9 15.453125
17 18.802734375
20 29.6945800781
18 39.8206481934
21 43.5964851379
18 48.6494879723
18 47.7264745831
18 46.1917947158
18 44.303667468
18 42.2425943533
20 40.1324340482
17 40.306002784
19 36.4103446798
21 35.4972457777
20 36.6324856927
19 35.763971709
19 33.5763852912
19 31.6852696643
19 30.0478103571
18 28.627983613
19 26.2703478244
20 25.5897009686
19 26.0620983141
18 25.0576684999
3 23.5620197651

0.400000 0.250000
3 100.0
9 7
11 14.4
15 19.99
12 27.2065
14 25.033275
19 25.55199625
18 31.6302211875
19 31.7024002906
20 31.764640858
17 31.9161850275
19 29.365591609
19 28.117567285
20 26.6441996107
18 26.6167641962
20 25.438100635
18 25.586676692
18 24.7211974146
19 23.6596119983
19 23.1424588614
19 22.4954940636
21 21.8548104982
19 24.081021844
19 23.4287175788
19 22.6923089015
19 21.9916941066
19 21.3772480383
4 20.8630225037

0.800000 0.250000
3 100.0
9 14
9 16.8
16 16.71
18 27.7545
20 30.660275
20 32.16408625
19 29.9568406875
19 27.6192177156
19 25.5447307267
19 23.924611533
19 22.6966713474
19 21.7731460501
18 21.0799880454
19 20.7600167357
20 21.5599948462
19 22.9679925936
19 22.3215946508
17 21.5603160292
19 21.3340610301
18 23.2210225669
19 22.2223198855
19 22.7555589859
19 22.0844330538
19 21.3668775532
19 20.7858687175
3 20.3415436486

1.000000 0.250000
3 100.0
5 7
9 10.0
11 16.75
13 18.8125
17 20.859375
19 26.89453125
17 28.4208984375
19 26.0656738281
19 27.7992553711
19 25.5994415283
17 23.9495811462
19 22.7121858597
19 25.2841393948
19 23.7131045461
19 22.5348284096
18 21.6511213072
19 20.9883409804
19 22.2412557353
20 21.4309418015
19 22.8232063511
19 22.1174047633
20 21.3380535725
18 22.7535401794
20 22.0651551345
19 25.0488663509
19 23.7866497632
20 22.5899873224
3 23.6924904918

0.125000 0.000000
3 100.0
6 7
8 7.375
8 7.953125
15 8.458984375
18 9.77661132812
19 11.3045349121
19 12.7664680481
19 14.0456595421
19 15.1649520993
19 16.1443330869
20 17.001291451
20 17.8761300197
18 18.6416137672
19 19.0614120463
19 19.5537355405
18 19.984518598
18 20.2364537732
18 20.4568970516
21 20.6497849201
18 21.1935618051
18 21.2943665795
18 21.382570757
19 21.4597494124
16 21.6522807358
18 21.4457456439
20 21.5150274384
3 21.8256490086

0.125000 0.250000
2 100.0
5 6
8 8.375
10 13.203125
12 18.458984375
18 23.8937988281
19 33.8387145996
19 40.9951057434
20 45.004140377
19 47.9474399686
19 47.8806228265
19 46.9342546137
18 45.4402550174
19 42.508559813
19 40.9437423409
19 39.2310889268
20 37.4749385948
18 36.8701231083
20 33.6960215982
16 33.3725168072
19 30.0413244207
19 29.217314094
18 28.3572662516
19 26.3754452847
20 25.93814261
19 26.5593457732
19 25.6370307936
19 24.824354376
2 24.1090244026

0.125000 0.500000
1 100.0
8 8
13 15.875
11 32.515625
16 34.326171875
19 44.2854003906
18 53.2497253418
19 52.9060096741
16 52.6990084648
20 44.1272574067
20 47.1191627309
19 46.7331736395
21 42.7684800596
18 43.7983966146
19 36.449085319
20 34.2056937948
19 34.3988541408
16 31.4584334083
19 24.7681797528
18 26.1370791039
19 24.164905126
19 25.0417724403
19 25.0477911128
19 24.6724373374
18 24.1536927271
19 21.4796361647
19 22.2172591583
3 22.3388905206

0.125000 0.800000
2 100.0
5 6
10 12.775
12 29.808125
19 37.458109375
19 59.5260457031
20 59.3353299902
19 58.5934217415
20 51.2792456238
18 50.0963402408
17 40.2296977747
17 32.9550655657
20 30.0864983725
20 38.2508492765
21 37.854525757
17 39.3247165654
19 24.4495283003
19 27.7514175239
18 27.4541063856
20 23.2316662979
19 28.6195726527
19 25.3754989996
19 24.1702362103
19 23.4422916012
18 22.8706721344
20 19.0585715143
20 24.9355967544
3 25.4705164959

0.125000 1.000000
2 100.0
1 6
5 5.875
12 14.765625
9 42.419921875
14 26.2424316406
18 44.7121276855
19 57.3731117249
19 56.5764727592
21 51.8794136643
19 56.0194869563
19 43.3920510868
19 40.3430447009
19 37.6751641133
19 35.3407685991
19 33.2981725242
19 31.5109009587
19 29.9470383389
19 28.5786585465
19 27.3813262282
20 26.3336604497
17 29.5419528935
19 18.6002343004
18 24.3524326841
19 19.5583785986
19 23.4885812737
19 22.9275086145
19 22.4365700377
20 22.006998783
2 25.7561239351
