5
0.000000 0.250000
0 100.0
1 1
4 2
8 4.0
10 10.25
14 16.9375
8 25.953125
5 26.71484375
8 24.2861328125
5 25.4645996094
9 23.348449707
8 25.7613372803
9 26.5710029602
10 28.1782522202
8 30.3836891651
9 30.0377668738
9 30.7783251554
8 31.3337438665
8 30.7503078999
10 30.3127309249
12 31.9845481937
7 35.2384111453
8 32.678808359
10 31.7591062692
13 33.0693297019
9 37.0519972764
13 36.0389979573
11 39.279248468
11 39.709436351
2 40.0320772632

0.125000 0.250000
1 100.0
1 2
6 4.0
11 6.625
10 15.921875
13 20.744140625
12 26.9479980469
12 29.458404541
6 30.5602836609
9 25.0204224586
9 23.2318407893
11 21.6133390442
9 22.4070304288
10 20.321420699
12 19.723944917
8 21.2779781564
10 18.5378367151
9 17.759095567
11 15.8805749521
9 16.6827778313
10 14.7816366636
8 14.4783366265
9 14.1051297
11 12.8556183267
8 14.1651384153
12 14.0037510574
9 16.0637165563
7 14.7917712461
10 15.5260642849
2 14.9441377044

0.400000 0.250000
0 100.0
1 2
1 2
2 4.0
4 2.4
9 5.79
10 14.1365
11 18.778775
10 21.38992125
7 20.1259449375
12 18.6922091031
7 21.2692182673
9 20.0671038445
11 17.6803500018
9 18.5382757724
13 16.7325879004
11 19.9295257029
10 17.8751951437
12 16.6774346691
8 17.1821743138
9 17.5442045274
10 16.1526976708
10 15.1601284885
8 14.1974595076
8 14.2029161942
10 13.5850800837
6 14.2315205013
11 14.8894818337
11 17.4624871331
9 17.9740908045
8 16.4871898583

0.800000 0.250000
1 100.0
4 4
8 6.4
4 13.93
10 12.8335
10 20.470325
10 19.52178375
10 17.4751458125
8 15.6731209594
6 14.6509642395
7 13.5674478836
8 12.7321200055
9 13.2603968227
12 14.0875589807
9 18.5941215083
8 17.2536164831
9 15.6018174327
7 15.0455906927
11 13.8706572224
11 18.7767620215
9 17.9573253371
7 16.5526857164
6 15.23145263
8 13.5869771411
9 14.8332324619
6 15.4535242677
9 14.3194503021
4 16.7927317234
9 15.6237210766

1.000000 0.250000
2 100.0
1 6
5 5.0
12 12.0
7 24.25
6 21.1875
5 17.640625
6 14.73046875
3 14.2978515625
8 12.2233886719
7 19.9175415039
9 16.9381561279
7 18.4536170959
7 16.090212822
6 13.8176596165
2 12.1132447124
4 10.5849335343
6 12.4387001507
8 14.329025113
3 16.2467688348
12 14.1850766261
7 29.3888074696
7 25.0416056022
8 20.5312042016
9 19.1484031512
10 18.3613023634
8 18.0209767726
8 16.0157325794
10 14.0117994346

0.125000 0.000000
0 100.0
1 2
6 2
11 2.625
13 3.796875
8 5.072265625
5 5.56323242188
10 5.61782836914
8 6.290599823
9 6.62927484512
7 7.05061548948
12 7.1692885533
10 7.89812748414
8 8.28586154862
9 8.37512885504
9 8.57823774816
11 8.75595802964
11 9.16146327594
10 9.51628036644
11 9.70174532064
10 9.98902715556
11 10.1153987611
11 10.350973916
9 10.5571021765
9 10.4874644044
10 10.4265313539
7 10.4982149346
11 10.1859380678
12 10.4126958093

0.125000 0.250000
1 100.0
7 2
12 7.75
13 17.78125
11 25.30859375
9 27.6137695312
12 26.3573608398
8 28.3654251099
8 24.6717977524
8 21.7268611193
9 19.3652820438
9 18.5853307117
9 17.7739460652
7 16.9672890764
13 15.1652835889
8 19.4045040487
10 16.8002690099
11 16.6821787339
11 17.5208639048
12 17.8674740512
9 19.0053283957
3 16.9486830823
10 20.6006132491
11 19.2169051322
7 19.1458183952
9 18.3783318071
7 16.2395900702
9 15.9481211859

0.125000 0.500000
0 100.0
3 2
3 7
9 5.0
11 16.75
11 25.65625
8 28.63671875
7 22.4633789062
6 16.733581543
6 11.4934463501
9 8.85754680634
8 13.9007440805
6 13.675846383
11 11.1024608109
9 18.4191716991
8 16.9065344815
9 13.6255972937
8 13.9635874432
8 11.6762339184
9 10.4457521314
5 11.8795568413
9 15.1817155056
12 14.5545664717
11 20.3080283648
7 20.1809161703
7 17.3012468891
10 15.397563648
10 15.6298899917
5 15.3796646425

0.125000 0.800000
1 100.0
4 4
5 10.975
9 15.348125
11 28.378609375
10 35.3710832031
12 30.8326578027
14 34.6051675774
8 39.6548400302
11 18.0230487064
11 23.2101803541
8 22.8969103571
11 11.6773970719
11 19.3212425398
7 19.8267912427
7 15.4473398486
13 13.8362018697
10 25.3827719326
10 16.1901445003
12 13.9624202496
9 19.8263264808
8 12.8079397547
11 14.2739281022
8 16.2008949052
11 15.1605644093
8 16.259602803
10 15.3315906541
10 12.8779901017
11 12.1608109948

0.125000 1.000000
2 100.0
4 6
3 10.25
9 5.34375
8 29.80078125
11 23.0756835938
9 33.5662231445
9 22.4954452515
11 20.808514595
8 27.5824502707
10 13.1346439868
7 20.7428134885
10 7.99301069533
9 19.3968415771
7 14.09723638
10 9.79227234134
9 17.8088216034
9 12.707718903
6 12.2442540401
10 16.1965932352
7 16.7807569995
10 12.3692666957
11 16.3633920777
12 19.692968068
10 22.7313470595
9 13.1399286771
9 10.1057174741
10 10.0925027899
8 12.8359287817
2 13.878957213

0.000000 0.250000
1 100.0
6 2
6 6.0
8 9.75
8 14.5625
6 18.171875
11 18.87890625
13 24.4091796875
8 30.5568847656
12 30.1676635742
11 33.8757476807
9 35.6568107605
10 34.9926080704
8 35.4944560528
9 33.8708420396
10 33.6531315297
8 34.4898486473
8 33.1173864854
9 32.0880398641
7 32.3160298981
4 30.4870224235
9 26.1152668177
11 27.8364501132
9 31.1273375849
9 31.5955031887
8 31.9466273915
11 31.2099705436
8 33.6574779077

0.125000 0.250000
0 100.0
2 2
8 6
10 11.75
9 17.65625
10 20.16796875
9 22.5922851562
10 22.6647338867
8 23.4102554321
8 21.2304334641
7 19.3864742517
7 16.6955486983
10 14.626642907
13 16.4055908907
12 20.7478507896
13 22.2303385111
11 24.0085229999
9 22.5814402269
11 19.3829011961
9 18.9032282544
14 16.8593622888
11 20.2255618027
11 18.8650814274
8 17.7264823864
11 17.7387315594
8 17.0158595208
8 17.054857433
9 16.797485518
7 15.4786637764
1 16.1607287654

0.400000 0.250000
2 100.0
4 6
9 7.8
11 15.23
8 20.7505
10 18.059675
9 18.64283625
9 16.6409751875
11 14.9760401906
7 16.429215423
12 16.3866380952
12 19.1609652722
5 19.6933159746
8 20.939967911
10 18.1069644913
9 18.0539032449
7 15.8246353595
9 15.3033060482
10 14.6597943894
8 15.2042347041
12 14.3450992062
13 17.594204413
10 19.8968813147
10 18.4421163925
7 16.9432605383
9 17.37444935
11 15.3310393803
7 16.5075270249

0.800000 0.250000
2 100.0
10 6
9 19.4
7 17.73
7 15.8935
9 13.839325
9 15.61293375
7 14.5563883125
10 13.5326448344
10 16.7033511458
9 15.8382868633
8 14.5316379763
10 13.429313048
14 15.306470974
10 21.7267504681
10 20.2033075276
11 17.934129581
11 17.5565723637
10 16.1886243083
7 15.0757214227
9 14.4936417053
11 15.2304008393
11 17.6948345415
9 16.7255326886
9 15.6532484774
8 14.1617561503
9 13.1056810712
3 13.2955878542

1.000000 0.250000
1 100.0
2 2
7 3
12 12.75
8 21.3125
9 18.984375
8 18.23828125
10 15.9287109375
9 17.9465332031
11 15.9598999023
8 18.2199249268
11 16.4149436951
9 20.3112077713
8 17.9834058285
11 15.7375543714
9 19.8031657785
12 17.6023743339
7 21.4517807504
8 19.0888355628
7 18.0666266721
8 15.5499700041
7 15.4124775031
12 13.5593581273
11 21.9195185955
10 19.4396389466
12 17.32972921
9 19.4972969075
9 17.6229726806
6 15.4672295104
2 13.8504221328

0.125000 0.000000
2 100.0
5 6
10 6.375
11 7.328125
9 8.287109375
7 8.87622070312
11 9.14169311523
9 9.87398147583
10 10.2647337914
11 10.7316420674
10 11.265186809
9 11.6070384579
8 11.7811586506
11 11.8085138193
11 12.2074495919
10 12.5565183929
11 12.7369535938
11 13.0198343946
10 13.2673550953
9 13.3589357083
9 13.3140687448
9 13.2748101517
12 13.2404588827
10 13.5854015224
8 13.6372263321
10 13.4325730406
7 13.5035014105
11 13.1905637342
2 13.4167432674

0.125000 0.250000
1 100.0
6 4
10 6.625
11 14.796875
12 21.134765625
10 26.1022949219
10 26.6715393066
9 26.5241203308
9 24.7859978676
7 23.1520425677
7 19.387508072
8 16.5299226819
7 15.4818221858
9 13.435199292
10 14.14100304
10 15.5685304046
12 16.3313286626
11 18.8840609986
7 19.2191646879
11 18.0699897096
10 18.5056145949
9 17.4319429697
11 15.3700977479
12 16.0679462665
10 17.492536036
8 16.0057813211
9 15.8196592849
10 14.5781523461
2 13.9932394507

0.125000 0.500000
1 100.0
6 2
6 11.625
13 15.921875
10 32.056640625
8 31.5495605469
10 25.7308654785
8 26.3270072937
12 21.317381382
11 26.7933337092
9 26.1394794956
9 20.6572008086
10 17.5301288326
8 17.753901791
7 13.1171835984
7 12.1263711311
11 11.372492481
11 16.6030427582
10 18.5412183321
8 16.792844
10 13.9208716836
13 14.2977718865
11 20.5690549824
10 18.5896754004
8 15.1243421208
5 15.2513625225
9 20.4787237907
9 15.0411588021
2 12.2846516944

0.125000 0.800000
1 100.0
3 2
7 7.65
8 21.64875
8 25.95865625
9 24.9170242187
7 26.3680361914
11 18.2351596675
13 28.988390309
8 35.7213666404
7 18.0025008344
8 10.5764492349
12 12.2442452815
9 25.4116850615
9 16.3998185168
10 14.0827600198
11 16.4939987809
11 19.591565686
10 19.2744833258
10 15.0665455802
11 13.8235019167
10 16.5486190839
12 13.1456526798
8 18.8855682911
12 16.7387040489
11 19.306575966
10 15.7002959549
9 11.2741673575

0.125000 1.000000
1 100.0
2 2
3 5.125
9 8.859375
9 32.876953125
8 29.8923339844
9 23.1557922363
7 25.3863182068
9 15.0880284309
9 22.3270248771
9 20.6611467674
9 19.2035034215
7 17.9280654938
8 8.56205730709
8 12.4918001437
10 11.9303251257
11 19.689034485
8 22.6029051744
11 8.78228823227
10 21.0553492741
8 15.6734306149
7 10.0057672107
10 13.6300463094
9 15.6562240252
11 10.8241960221
7 18.8461715193
9 15.7899758762
8 10.3197250695

0.000000 0.250000
1 100.0
4 4
5 4.0
8 7.25
6 12.6875
6 14.765625
8 16.32421875
12 19.4931640625
12 25.8698730469
8 30.6524047852
9 30.2393035889
9 30.9294776917
11 31.4471082687
9 33.8353312016
7 33.6264984012
10 31.4698738009
8 32.8524053507
7 31.889304013
6 30.1669780097
10 27.8752335073
8 30.1564251305
7 29.8673188479
6 28.6504891359
7 26.7378668519
11 26.3034001389
10 29.9775501042
9 31.7331625782
12 32.0498719336
2 35.2874039502

0.125000 0.250000
1 100.0
6 4
10 6.625
7 14.796875
10 16.634765625
8 20.9147949219
9 21.1324768066
6 21.9899406433
7 18.771715641
11 17.3856393695
6 20.651475586
11 17.1435798733
9 19.8772170438
10 19.1437534043
10 19.470425597
9 19.3888534236
10 17.9169200153
8 17.7973099656
11 15.5059100258
9 16.8969540467
10 15.3755468715
7 15.302887573
10 15.172034833
9 15.1804346177
9 13.8990583946
11 12.9050596734
9 14.3807148978
9 13.0896260128

0.400000 0.250000
1 100.0
4 2
8 5.2
9 12.57
8 16.8295
8 16.563325
12 15.58721375
10 19.9892423125
9 18.3712309344
4 16.4884731208
8 17.8923847926
9 16.3452172216
8 16.2144700925
11 14.254475039
8 16.8148568628
11 15.6648467361
9 17.0932752622
9 15.6192899187
9 14.2940675222
11 13.1683106916
11 14.7656983899
12 15.1079530152
12 16.251172295
12 16.3405037415
6 15.9466525182
7 18.2534240815
11 17.4661288769
10 18.8049119955
8 17.2268731993

0.800000 0.250000
0 100.0
1 1
7 4
9 11.8
10 16.06
9 17.087
9 15.36765
7 13.8362175
10 13.039259125
11 16.3011115437
10 17.3301670978
5 15.8109220914
11 15.4208509221
7 22.0224728591
9 19.6193610185
10 19.1327941506
11 18.8332502903
9 18.8216686532
11 17.1532155001
11 18.1727808625
8 16.8911594943
9 15.9886653328
10 14.8819619535
8 15.3395640559
7 14.3072354076
9 13.0909390289
11 14.7476290124
9 17.4466067074
10 16.0238391304

1.000000 0.250000
1 100.0
4 2
10 7.0
12 18.25
9 20.1875
8 18.140625
8 15.85546875
9 13.8916015625
9 14.4187011719
10 13.0640258789
9 14.0480194092
8 13.0360145569
11 12.0270109177
10 17.0202581882
10 15.5151936412
5 14.1363952309
11 13.1022964232
9 23.0767223174
8 20.057541738
12 17.2931563035
9 22.9698672276
8 20.2274004207
11 17.4205503155
6 21.0654127367
9 18.5490595525
9 21.4117946644
9 18.3088459983
10 15.9816344987
2 16.236225874

0.125000 0.000000
1 100.0
0 2
3 3.75
7 2.140625
7 2.873046875
9 3.51391601562
9 4.32467651367
10 5.03409194946
11 5.77983045578
12 6.55735164881
12 7.36268269271
9 8.06734735612
7 8.3089289366
12 8.27031281953
9 8.86152371709
12 9.00383325245
10 9.50335409589
9 9.69043483391
8 9.72913047967
7 9.63798916971
6 9.4332405235
8 9.12908545806
9 9.1129497758
8 9.22383105383
10 9.1958521721
8 9.42137065059
7 9.36869931926
9 9.19761190436
11 9.29791041631
2 9.63567161427

0.125000 0.250000
2 100.0
1 6
8 5.875
8 11.765625
10 15.513671875
8 19.9885253906
10 20.3630065918
7 22.4724159241
9 20.0919528008
8 20.370650351
11 19.073212795
6 21.2507314989
11 18.3427489836
11 20.266362882
12 21.2391606627
10 22.6825854356
15 21.046002148
12 25.2518067983
10 24.3164971377
10 21.0678096373
10 18.589989414
12 16.6954827233
10 17.4929788725
9 15.6519464706
8 15.1421456298
10 15.490646777
9 14.4156539691
8 13.8518629797
1 14.2052544247

0.125000 0.500000
1 100.0
1 2
4 4.0
8 7.375
10 18.453125
12 26.896484375
9 33.7844238281
11 29.0613708496
10 29.9911994934
13 27.0860495567
11 31.1221683621
9 27.5053348169
8 20.6413867148
11 14.7858227504
11 18.1748995941
11 19.2091894886
10 19.1486169744
9 16.4878279385
6 12.7932434892
10 16.4585368778
9 15.5014113526
8 12.6138307258
9 12.21753429
11 11.089909761
10 14.7159546695
12 13.9451021501
10 17.6112852885
8 14.614535081
8 15.0228185589
1 14.7625164205

0.125000 0.800000
1 100.0
3 2
6 7.65
10 18.32375
10 32.25928125
9 32.4720710938
9 26.937102207
11 24.1747724312
10 28.8238874773
9 24.5300938626
13 19.0006705938
12 30.3329544624
8 27.2578086931
10 11.8938773142
7 15.4658015915
9 13.4871908263
10 12.214067545
6 14.9948642163
9 17.18638
9 12.8599398227
10 11.7168188095
7 14.5700907512
11 14.4632770817
9 18.4006182675
9 11.6995911483
11 10.2569522876
7 16.5287952582
8 16.782016219
11 12.7731282653

0.125000 1.000000
56 100.0
225 168
398 753.125
282 1400.734375
335 796.892578125
326 951.156005859
310 837.011505127
256 707.135066986
328 434.743183613
298 709.400285661
220 537.975249954
364 272.683783813
419 784.449800746
211 958.768575652
368 488.215894234
280 703.135315734
360 298.243401267
476 625.962976109
337 1071.2176041
410 423.440403583
373 713.760353135
286 523.165308993
356 505.149353224
420 451.829689698
400 703.850978486
342 585.869606175
387 371.037987571
236 511.337667228
99 802.404084234

